  105
Abel        	0.000000	0.151335	0.168155	0.110947	0.158284	0.125740	0.158209	0.127976	0.103550	0.157186	0.151976	0.153846	0.083582	0.129080	0.093939	0.120482	0.162202	0.250751	0.251506	0.231928	0.253870	0.243976	0.243243	0.170623	0.156805	0.160714	0.072917	0.173193	0.155786	0.160714	0.133929	0.151786	0.150888	0.151786	0.174556	0.150915	0.174627	0.156805	0.165179	0.160991	0.169872	0.105655	0.140950	0.141141	0.161859	0.119760	0.157270	0.153274	0.158284	0.091988	0.158284	0.143917	0.157738	0.174556	0.163205	0.161194	0.157738	0.169139	0.116071	0.157321	0.164688	0.159763	0.158133	0.152367	0.171131	0.087613	0.243711	0.126113	0.173077	0.149852	0.152367	0.169643	0.137982	0.162722	0.223724	0.220721	0.222222	0.217523	0.207831	0.212121	0.202096	0.079341	0.120536	0.133634	0.120896	0.114804	0.117117	0.118619	0.118263	0.125373	0.121257	0.124625	0.123123	0.125373	0.123512	0.113433	0.125382	0.121581	0.122388	0.121622	0.092537	0.154762	0.137725	0.155325	0.155325
Abouman     	0.151335	0.000000	0.080119	0.140118	0.087021	0.117994	0.108955	0.139466	0.135693	0.070149	0.093939	0.088496	0.132836	0.137574	0.148485	0.100904	0.065282	0.251497	0.253754	0.238739	0.259259	0.249249	0.248503	0.085799	0.076696	0.080119	0.147321	0.084084	0.069527	0.069527	0.115727	0.078869	0.054572	0.072700	0.070796	0.092705	0.069940	0.078171	0.068249	0.052469	0.062300	0.149254	0.097633	0.103293	0.059105	0.113433	0.076923	0.096439	0.042773	0.148368	0.075221	0.041420	0.040059	0.070796	0.068047	0.078869	0.071217	0.085799	0.159226	0.088509	0.069527	0.044248	0.060060	0.063422	0.102374	0.146526	0.256250	0.102071	0.084071	0.068249	0.072271	0.071217	0.079882	0.061947	0.202096	0.188623	0.187126	0.186747	0.175676	0.182779	0.155689	0.131737	0.215134	0.225225	0.218750	0.216867	0.219219	0.218563	0.221557	0.223214	0.219403	0.223054	0.221557	0.224551	0.172107	0.212798	0.225460	0.225610	0.172619	0.219219	0.125000	0.077151	0.059524	0.103245	0.078171
Ajwa        	0.168155	0.080119	0.000000	0.136095	0.075444	0.103550	0.122754	0.129464	0.142012	0.065868	0.085106	0.097633	0.127246	0.129080	0.130699	0.100904	0.056716	0.258258	0.260542	0.253012	0.264706	0.256024	0.253754	0.044510	0.068047	0.061012	0.138806	0.063253	0.065282	0.058036	0.105655	0.073134	0.066568	0.061012	0.071006	0.086890	0.073134	0.081361	0.065476	0.066358	0.073482	0.143713	0.086053	0.078078	0.065705	0.095808	0.068249	0.069940	0.063609	0.141369	0.069527	0.075668	0.069940	0.073964	0.071217	0.061194	0.078869	0.077151	0.125373	0.074534	0.063798	0.068047	0.070783	0.066568	0.090774	0.140483	0.257862	0.099407	0.063609	0.080357	0.076923	0.071006	0.068249	0.059172	0.211712	0.202703	0.199700	0.202417	0.195783	0.198485	0.165165	0.141141	0.214286	0.218373	0.219403	0.217523	0.216867	0.219219	0.219219	0.223881	0.220060	0.223724	0.222222	0.222222	0.165179	0.213433	0.220000	0.221713	0.177612	0.221386	0.107463	0.074405	0.068862	0.103550	0.069527
Alig        	0.110947	0.140118	0.136095	0.000000	0.125000	0.097059	0.145833	0.093195	0.076471	0.123512	0.126888	0.144118	0.087798	0.110619	0.107251	0.111111	0.121662	0.258209	0.260479	0.233533	0.263077	0.254491	0.247761	0.141593	0.132353	0.118343	0.096439	0.133234	0.131268	0.119822	0.119822	0.140950	0.119118	0.133136	0.132353	0.118182	0.142433	0.127941	0.133136	0.133846	0.143312	0.098214	0.106195	0.104478	0.138535	0.126488	0.123894	0.119822	0.139706	0.105030	0.122059	0.125369	0.136095	0.141176	0.128319	0.118694	0.113905	0.132743	0.120178	0.126935	0.122419	0.135294	0.133234	0.133824	0.128698	0.108434	0.240625	0.098820	0.130882	0.113905	0.114706	0.139053	0.115044	0.132353	0.208955	0.217910	0.213433	0.213213	0.202096	0.207831	0.168657	0.101493	0.155325	0.158683	0.157270	0.157658	0.157186	0.159701	0.159701	0.158754	0.154762	0.161194	0.158209	0.159701	0.125740	0.154303	0.155963	0.159574	0.123145	0.161677	0.089021	0.116864	0.117560	0.132353	0.125000
Amir_haj    	0.158284	0.087021	0.075444	0.125000	0.000000	0.086765	0.083333	0.109467	0.116176	0.062500	0.093656	0.095588	0.116071	0.115044	0.128399	0.096096	0.063798	0.255224	0.261976	0.239521	0.266154	0.257485	0.253731	0.089971	0.077941	0.084320	0.126113	0.088323	0.072271	0.065089	0.075444	0.084570	0.067647	0.073964	0.083824	0.095455	0.087537	0.079412	0.075444	0.075385	0.087580	0.136905	0.078171	0.086567	0.076433	0.087798	0.075221	0.072485	0.073529	0.139053	0.058824	0.075221	0.073964	0.086765	0.078171	0.077151	0.078402	0.075221	0.127596	0.091331	0.082596	0.075000	0.073353	0.064706	0.082840	0.147590	0.256250	0.088496	0.079412	0.076923	0.069118	0.060651	0.069322	0.080882	0.186567	0.197015	0.194030	0.196697	0.185629	0.191265	0.144776	0.140299	0.210059	0.217066	0.213650	0.211712	0.212575	0.214925	0.213433	0.218101	0.214286	0.217910	0.216418	0.216418	0.147929	0.206231	0.217125	0.217325	0.166172	0.212575	0.118694	0.069527	0.065476	0.069118	0.076471
Aseel       	0.125740	0.117994	0.103550	0.097059	0.086765	0.000000	0.125000	0.119822	0.111765	0.090774	0.114804	0.111765	0.101190	0.120944	0.116314	0.105105	0.091988	0.249254	0.251497	0.233533	0.256923	0.247006	0.243284	0.112094	0.111765	0.084320	0.117211	0.103293	0.103245	0.093195	0.110947	0.096439	0.098529	0.093195	0.094118	0.106061	0.096439	0.095588	0.103550	0.098462	0.100318	0.104167	0.085546	0.094030	0.097134	0.092262	0.109145	0.087278	0.101471	0.110947	0.092647	0.104720	0.113905	0.097059	0.097345	0.086053	0.082840	0.094395	0.117211	0.108359	0.089971	0.105882	0.101796	0.104412	0.087278	0.106928	0.232813	0.089971	0.092647	0.116864	0.094118	0.088757	0.100295	0.102941	0.194030	0.195522	0.192537	0.198198	0.184132	0.194277	0.155224	0.120896	0.167160	0.175150	0.176558	0.174174	0.173653	0.177612	0.174627	0.181009	0.177083	0.180597	0.177612	0.177612	0.128698	0.169139	0.177370	0.177812	0.146884	0.176647	0.094955	0.088757	0.090774	0.111765	0.110294
P1_rOPbAL1  	0.158209	0.108955	0.122754	0.145833	0.083333	0.125000	0.000000	0.132836	0.154762	0.093373	0.115502	0.113095	0.138554	0.107463	0.132622	0.122727	0.106607	0.275602	0.277946	0.253776	0.280186	0.273414	0.268769	0.128358	0.101190	0.103293	0.146707	0.122727	0.098507	0.109281	0.089552	0.099099	0.104167	0.095808	0.096726	0.108232	0.103604	0.087798	0.101796	0.110592	0.112903	0.166168	0.097015	0.116314	0.099678	0.123494	0.101493	0.118263	0.107143	0.146707	0.092262	0.100000	0.107784	0.101190	0.098507	0.109610	0.107784	0.111940	0.132132	0.114420	0.104478	0.099702	0.098485	0.096726	0.124251	0.152439	0.265723	0.114925	0.111607	0.106287	0.089286	0.100299	0.122388	0.110119	0.208459	0.216012	0.216012	0.215805	0.207576	0.211890	0.174174	0.140483	0.217066	0.220544	0.216216	0.213636	0.216012	0.217523	0.218373	0.220721	0.216867	0.220544	0.216012	0.222892	0.157186	0.209581	0.220000	0.220183	0.168168	0.219697	0.147147	0.109281	0.109940	0.092262	0.102679
CAP50bhOA1  	0.127976	0.139466	0.129464	0.093195	0.109467	0.119822	0.132836	0.000000	0.102071	0.130240	0.121212	0.143491	0.095522	0.100890	0.099698	0.088855	0.122388	0.255255	0.260542	0.238739	0.263889	0.256024	0.251497	0.140950	0.128698	0.127976	0.110119	0.152108	0.124629	0.123512	0.098214	0.143284	0.124260	0.133929	0.152367	0.126140	0.152239	0.124260	0.141369	0.143963	0.143770	0.123881	0.120178	0.096096	0.145833	0.091045	0.126113	0.101190	0.136095	0.089286	0.130178	0.133531	0.138393	0.149408	0.140950	0.128358	0.129464	0.140950	0.107463	0.137072	0.136499	0.128698	0.135542	0.133136	0.127976	0.100000	0.241379	0.083086	0.142012	0.122024	0.119822	0.144345	0.123145	0.137574	0.213213	0.220721	0.219219	0.211480	0.210843	0.210606	0.180180	0.123123	0.157738	0.159159	0.155224	0.154655	0.155120	0.155689	0.155689	0.159701	0.155224	0.167665	0.159159	0.162162	0.103858	0.150298	0.157975	0.157012	0.119403	0.157658	0.123881	0.132440	0.121257	0.125740	0.127219
Aziza       	0.103550	0.135693	0.142012	0.076471	0.116176	0.111765	0.154762	0.102071	0.000000	0.142857	0.129909	0.147059	0.092262	0.131268	0.104230	0.120120	0.143917	0.274627	0.272455	0.250000	0.276923	0.264970	0.262687	0.153392	0.138235	0.143491	0.093472	0.161677	0.146018	0.143491	0.110947	0.154303	0.110294	0.155325	0.158824	0.130303	0.157270	0.133824	0.156805	0.149231	0.135350	0.108631	0.112094	0.114925	0.159236	0.101190	0.132743	0.125740	0.130882	0.103550	0.145588	0.137168	0.149408	0.155882	0.150442	0.142433	0.143491	0.144543	0.132047	0.153251	0.140118	0.132353	0.136228	0.136765	0.140533	0.118976	0.253125	0.092920	0.145588	0.121302	0.117647	0.144970	0.120944	0.147059	0.223881	0.235821	0.234328	0.237237	0.226048	0.230422	0.191045	0.114925	0.161243	0.169162	0.170623	0.168168	0.167665	0.167164	0.168657	0.175074	0.171131	0.177612	0.173134	0.176119	0.131657	0.163205	0.172783	0.176292	0.137982	0.175150	0.103858	0.153846	0.117560	0.120588	0.130882
zr9q_az3aq  	0.157186	0.070149	0.065868	0.123512	0.062500	0.090774	0.093373	0.130240	0.142857	0.000000	0.096037	0.065476	0.126506	0.113433	0.132622	0.104863	0.058383	0.247734	0.249245	0.234848	0.255418	0.246988	0.245482	0.064179	0.069940	0.053731	0.133634	0.062121	0.035821	0.061194	0.100299	0.064565	0.066964	0.047761	0.052083	0.093272	0.054054	0.080357	0.050746	0.051242	0.070740	0.140060	0.082090	0.090634	0.045016	0.096386	0.068657	0.070359	0.059524	0.140719	0.005952	0.049254	0.052239	0.050595	0.038806	0.036036	0.046131	0.059701	0.134731	0.065421	0.056716	0.049107	0.036254	0.053571	0.079341	0.135258	0.243711	0.086567	0.053571	0.076347	0.065476	0.050898	0.058209	0.049107	0.197885	0.193353	0.188822	0.194529	0.181818	0.190549	0.151057	0.141566	0.205090	0.212121	0.207207	0.205167	0.207576	0.206949	0.209970	0.211712	0.207831	0.211480	0.209970	0.212991	0.166168	0.201201	0.210526	0.212308	0.169670	0.209091	0.106287	0.043284	0.055556	0.107143	0.068452
Barmel      	0.151976	0.093939	0.085106	0.126888	0.093656	0.114804	0.115502	0.121212	0.129909	0.096037	0.000000	0.101208	0.128440	0.096970	0.142415	0.106154	0.068389	0.267584	0.273006	0.254601	0.272013	0.262270	0.262195	0.096970	0.099698	0.100000	0.135671	0.103077	0.090909	0.072727	0.119697	0.106707	0.096677	0.096970	0.101208	0.030675	0.112805	0.108761	0.104863	0.086751	0.108197	0.144817	0.110606	0.119266	0.102606	0.114679	0.093939	0.083587	0.089124	0.135258	0.096677	0.087879	0.088146	0.110272	0.103030	0.097561	0.096970	0.104545	0.141768	0.106349	0.100000	0.099698	0.090491	0.092145	0.097264	0.156347	0.254777	0.119697	0.104230	0.053191	0.083082	0.095745	0.083333	0.096677	0.214724	0.207055	0.210123	0.206790	0.201538	0.203704	0.176380	0.110092	0.208207	0.212308	0.214939	0.210769	0.210769	0.213190	0.213190	0.219512	0.215596	0.220859	0.219325	0.219325	0.155015	0.209726	0.217868	0.219626	0.166159	0.218462	0.124620	0.089394	0.083841	0.105740	0.095166
Began       	0.153846	0.088496	0.097633	0.144118	0.095588	0.111765	0.113095	0.143491	0.147059	0.065476	0.101208	0.000000	0.141369	0.119469	0.141994	0.117117	0.077151	0.259701	0.264970	0.241018	0.266154	0.257485	0.261194	0.091445	0.100000	0.078402	0.142433	0.085329	0.079646	0.081361	0.121302	0.072700	0.089706	0.082840	0.073529	0.103030	0.071217	0.095588	0.068047	0.078462	0.097134	0.156250	0.109145	0.113433	0.085987	0.114583	0.094395	0.105030	0.080882	0.146450	0.063235	0.066372	0.075444	0.067647	0.054572	0.068249	0.072485	0.079646	0.145401	0.057276	0.081121	0.076471	0.073353	0.080882	0.088757	0.146084	0.248438	0.098820	0.080882	0.085799	0.088235	0.091716	0.088496	0.073529	0.205970	0.185075	0.186567	0.192192	0.176647	0.186747	0.156716	0.135821	0.214497	0.220060	0.219585	0.214715	0.215569	0.216418	0.217910	0.224036	0.220238	0.223881	0.220896	0.223881	0.181953	0.210682	0.220183	0.221884	0.179525	0.221557	0.115727	0.072485	0.083333	0.114706	0.095588
yser_hkloo  	0.083582	0.132836	0.127246	0.087798	0.116071	0.101190	0.138554	0.095522	0.092262	0.126506	0.128440	0.141369	0.000000	0.128358	0.065350	0.086364	0.127246	0.238671	0.240909	0.228788	0.242991	0.236364	0.229607	0.138806	0.122024	0.134731	0.049401	0.139394	0.122388	0.122754	0.100299	0.128358	0.120536	0.119760	0.141369	0.125767	0.144144	0.130952	0.131737	0.141745	0.139871	0.060060	0.108955	0.090361	0.136656	0.088589	0.128358	0.108955	0.127976	0.074627	0.127976	0.131343	0.130240	0.144345	0.135821	0.130631	0.127246	0.138806	0.083832	0.131661	0.131343	0.126488	0.134848	0.122024	0.130240	0.083333	0.237342	0.082090	0.141369	0.131343	0.129464	0.143713	0.108955	0.135417	0.194864	0.204819	0.200906	0.204545	0.189394	0.198171	0.181269	0.084337	0.133234	0.135952	0.132132	0.130303	0.130303	0.132530	0.132530	0.136637	0.132132	0.137048	0.135542	0.137048	0.088060	0.129129	0.134259	0.134969	0.117117	0.135542	0.080838	0.118263	0.129518	0.122024	0.126488
Biddajaj    	0.129080	0.137574	0.129080	0.110619	0.115044	0.120944	0.107463	0.100890	0.131268	0.113433	0.096970	0.119469	0.128358	0.000000	0.118182	0.118976	0.117560	0.267964	0.268769	0.261261	0.274691	0.265766	0.258982	0.131657	0.122419	0.124629	0.141369	0.145646	0.115385	0.121662	0.117211	0.113095	0.129794	0.112760	0.128319	0.092705	0.139881	0.123894	0.126113	0.120370	0.145367	0.143284	0.119822	0.125749	0.124601	0.129851	0.122781	0.112760	0.129794	0.118694	0.109145	0.124260	0.130564	0.137168	0.128698	0.122024	0.108309	0.122781	0.142857	0.131988	0.130178	0.131268	0.124625	0.115044	0.133531	0.129909	0.238245	0.118343	0.135693	0.105341	0.113569	0.123145	0.125740	0.119469	0.209581	0.217066	0.214072	0.218373	0.205706	0.212991	0.181138	0.145210	0.172107	0.180180	0.171131	0.171687	0.172673	0.170659	0.175150	0.175595	0.171642	0.181138	0.175150	0.181138	0.154303	0.171131	0.176380	0.176829	0.133929	0.175676	0.129464	0.120178	0.120896	0.143068	0.123894
uds_Raraqs  	0.093939	0.148485	0.130699	0.107251	0.128399	0.116314	0.132622	0.099698	0.104230	0.132622	0.142415	0.141994	0.065350	0.118182	0.000000	0.098160	0.142857	0.260736	0.267692	0.245399	0.266562	0.261538	0.258410	0.136364	0.126888	0.145897	0.077508	0.143077	0.128399	0.139818	0.094225	0.133739	0.128399	0.130699	0.148036	0.141304	0.153963	0.132931	0.144377	0.146688	0.147059	0.088146	0.122727	0.108563	0.136066	0.103659	0.133333	0.127660	0.131420	0.089394	0.132931	0.142424	0.139394	0.152568	0.146970	0.137195	0.136778	0.137879	0.086626	0.136508	0.143939	0.132931	0.138462	0.128399	0.151515	0.100309	0.247604	0.098485	0.141994	0.143939	0.123867	0.150456	0.125758	0.134441	0.217791	0.223242	0.219325	0.221538	0.213190	0.217593	0.196319	0.105505	0.127660	0.130368	0.117378	0.116564	0.120000	0.120795	0.122324	0.121951	0.117378	0.126911	0.119632	0.126911	0.100000	0.113982	0.118750	0.119565	0.114329	0.122324	0.094512	0.139818	0.137195	0.145015	0.134441
BouslKhine  	0.120482	0.100904	0.100904	0.111111	0.096096	0.105105	0.122727	0.088855	0.120120	0.104863	0.106154	0.117117	0.086364	0.118976	0.098160	0.000000	0.102719	0.265244	0.269113	0.251524	0.269592	0.262997	0.261398	0.112613	0.111111	0.119335	0.101515	0.118902	0.096386	0.104230	0.095166	0.111782	0.102102	0.107251	0.123123	0.108025	0.124242	0.111111	0.114804	0.110248	0.113269	0.125378	0.087349	0.085106	0.114007	0.085106	0.114458	0.105422	0.099099	0.100904	0.103604	0.102410	0.105422	0.121622	0.117470	0.112121	0.105740	0.111446	0.101208	0.117925	0.115964	0.103604	0.109756	0.102102	0.117825	0.102446	0.265924	0.076577	0.114114	0.105422	0.103604	0.114458	0.099398	0.108108	0.221884	0.222561	0.219512	0.220859	0.211890	0.213846	0.178354	0.126140	0.187311	0.189602	0.178788	0.175841	0.177370	0.179878	0.179878	0.183333	0.179331	0.182927	0.181402	0.183891	0.120846	0.172205	0.181677	0.180556	0.131818	0.181402	0.093939	0.105740	0.094225	0.112613	0.115616
Braim       	0.162202	0.065282	0.056716	0.121662	0.063798	0.091988	0.106607	0.122388	0.143917	0.058383	0.068389	0.077151	0.127246	0.117560	0.142857	0.102719	0.000000	0.253012	0.255287	0.240181	0.262422	0.250755	0.246988	0.072917	0.072700	0.049107	0.136228	0.077039	0.059524	0.007418	0.107463	0.079104	0.065282	0.063988	0.050445	0.067073	0.061377	0.081602	0.059701	0.060372	0.073955	0.136228	0.095238	0.091867	0.056090	0.109610	0.066964	0.074627	0.066766	0.139881	0.057864	0.049107	0.061194	0.059347	0.059524	0.058383	0.047619	0.068452	0.138806	0.070093	0.065476	0.068249	0.045181	0.057864	0.068657	0.142424	0.252351	0.092262	0.066766	0.059524	0.060831	0.062687	0.065476	0.051929	0.194277	0.183735	0.180723	0.186364	0.172205	0.180851	0.149096	0.125749	0.202985	0.211480	0.211078	0.209091	0.209970	0.212349	0.212349	0.215569	0.211712	0.215361	0.215361	0.216216	0.156716	0.205090	0.215385	0.218654	0.164671	0.213855	0.110778	0.062500	0.059701	0.097923	0.068249
XsRs_93115  	0.250751	0.251497	0.258258	0.258209	0.255224	0.249254	0.275602	0.255255	0.274627	0.247734	0.267584	0.259701	0.238671	0.267964	0.260736	0.265244	0.253012	0.000000	0.048193	0.086103	0.047692	0.046547	0.066066	0.264970	0.256716	0.246246	0.262048	0.255319	0.255988	0.255255	0.257485	0.260542	0.252239	0.250751	0.265672	0.256135	0.250000	0.258209	0.252252	0.253125	0.257282	0.237160	0.263473	0.262121	0.258065	0.255287	0.252994	0.250751	0.250746	0.243243	0.247761	0.250000	0.244745	0.255224	0.252994	0.246988	0.244745	0.261976	0.272590	0.264151	0.261976	0.247761	0.265957	0.253731	0.265766	0.240061	0.239748	0.254491	0.253731	0.267267	0.250746	0.267267	0.252994	0.258209	0.263636	0.265152	0.266667	0.250760	0.259878	0.260671	0.257576	0.246970	0.234234	0.237879	0.231231	0.232523	0.233333	0.239458	0.234139	0.238739	0.232628	0.235650	0.239394	0.235650	0.244745	0.228916	0.244582	0.234663	0.243243	0.235562	0.250000	0.240240	0.246224	0.262687	0.253731
nsfs_9311w  	0.251506	0.253754	0.260542	0.260479	0.261976	0.251497	0.277946	0.260542	0.272455	0.249245	0.273006	0.264970	0.240909	0.268769	0.267692	0.269113	0.255287	0.048193	0.000000	0.104863	0.015432	0.022590	0.027108	0.267267	0.255988	0.248494	0.264350	0.259146	0.256757	0.257530	0.262763	0.262840	0.252994	0.251506	0.269461	0.261538	0.252266	0.261976	0.255255	0.255486	0.260518	0.243939	0.266467	0.265957	0.257282	0.260606	0.255255	0.254518	0.251497	0.250000	0.250000	0.250751	0.246988	0.257485	0.258258	0.249245	0.245482	0.264264	0.279456	0.265723	0.265766	0.251497	0.268293	0.255988	0.269578	0.248476	0.244479	0.256757	0.255988	0.274096	0.254491	0.271084	0.253754	0.260479	0.272036	0.279635	0.280303	0.274390	0.275076	0.272171	0.268182	0.250760	0.244745	0.246970	0.243976	0.245427	0.244681	0.246970	0.243939	0.248494	0.242424	0.245455	0.249240	0.245455	0.256024	0.241692	0.253870	0.245370	0.252252	0.248476	0.256024	0.243976	0.248485	0.266467	0.254491
nsiY_93J21  	0.231928	0.238739	0.253012	0.233533	0.239521	0.233533	0.253776	0.238739	0.250000	0.234848	0.254601	0.241018	0.228788	0.261261	0.245399	0.251524	0.240181	0.086103	0.104863	0.000000	0.108359	0.112462	0.122356	0.255255	0.250000	0.231928	0.240181	0.246951	0.241742	0.242470	0.233434	0.243202	0.239521	0.239458	0.252994	0.247692	0.241692	0.236527	0.242470	0.241379	0.250000	0.229607	0.250000	0.243161	0.238636	0.237879	0.246246	0.237952	0.239521	0.230422	0.235030	0.238739	0.233434	0.242515	0.240240	0.234139	0.234940	0.241742	0.255287	0.242138	0.246246	0.232036	0.250000	0.235030	0.250000	0.220183	0.233438	0.235736	0.238024	0.254518	0.232036	0.257530	0.243243	0.245509	0.253799	0.249240	0.253799	0.237082	0.246951	0.243902	0.232523	0.229483	0.230422	0.233232	0.231118	0.228659	0.231707	0.236364	0.231003	0.235650	0.228788	0.232523	0.235562	0.232523	0.225904	0.224398	0.240683	0.230769	0.231118	0.234756	0.229607	0.228916	0.230303	0.244012	0.247006
enses_DP6b  	0.253870	0.259259	0.264706	0.263077	0.266154	0.256923	0.280186	0.263889	0.276923	0.255418	0.272013	0.266154	0.242991	0.274691	0.266562	0.269592	0.262422	0.047692	0.015432	0.108359	0.000000	0.030769	0.038462	0.271605	0.258462	0.253870	0.265528	0.261755	0.260802	0.264706	0.266975	0.263158	0.256923	0.253870	0.272308	0.260252	0.256211	0.270769	0.259259	0.260450	0.266667	0.245342	0.267692	0.268750	0.265781	0.267913	0.259259	0.258514	0.258462	0.251543	0.255385	0.257716	0.255418	0.261538	0.262346	0.253106	0.254630	0.268519	0.280186	0.274194	0.268519	0.255385	0.271160	0.263077	0.278638	0.250784	0.245981	0.262346	0.260000	0.277090	0.261538	0.275542	0.256173	0.263077	0.282813	0.282813	0.284375	0.278125	0.282132	0.277429	0.272586	0.250000	0.247678	0.243750	0.244582	0.245312	0.244548	0.250000	0.244548	0.249226	0.242991	0.246106	0.249221	0.246106	0.255418	0.241486	0.253968	0.243711	0.255418	0.249216	0.256966	0.248457	0.250779	0.272308	0.258462
s_JBMPL503  	0.243976	0.249249	0.256024	0.254491	0.257485	0.247006	0.273414	0.256024	0.264970	0.246988	0.262270	0.257485	0.236364	0.265766	0.261538	0.262997	0.250755	0.046547	0.022590	0.112462	0.030769	0.000000	0.025526	0.262763	0.251497	0.242470	0.255287	0.254573	0.252252	0.253012	0.259760	0.255287	0.248503	0.248494	0.261976	0.250769	0.246224	0.258982	0.249249	0.249216	0.254045	0.236364	0.262763	0.259878	0.255663	0.254545	0.250751	0.250000	0.248503	0.240964	0.247006	0.247748	0.243976	0.251497	0.253754	0.244713	0.243243	0.259760	0.274096	0.257862	0.259760	0.247006	0.262195	0.250000	0.263554	0.244648	0.238924	0.253754	0.250000	0.262048	0.250000	0.263554	0.249249	0.255988	0.264438	0.268997	0.273556	0.266768	0.269817	0.262997	0.262918	0.241641	0.236446	0.237082	0.233434	0.230183	0.229483	0.235650	0.230303	0.237952	0.230303	0.234848	0.238602	0.234848	0.242470	0.228097	0.243789	0.233025	0.245482	0.237805	0.250000	0.239458	0.242424	0.264970	0.250000
s_JEMPC_P9  	0.243243	0.248503	0.253754	0.247761	0.253731	0.243284	0.268769	0.251497	0.262687	0.245482	0.262195	0.261194	0.229607	0.258982	0.258410	0.261398	0.246988	0.066066	0.027108	0.122356	0.038462	0.025526	0.000000	0.263473	0.249254	0.240240	0.253012	0.253799	0.250000	0.249249	0.251497	0.259036	0.246269	0.244745	0.259701	0.250765	0.246988	0.255224	0.250000	0.250000	0.254839	0.230422	0.260479	0.257576	0.254839	0.253776	0.248503	0.250751	0.247761	0.237237	0.246269	0.247006	0.241742	0.252239	0.254491	0.243976	0.241742	0.260479	0.266566	0.257053	0.257485	0.247761	0.259878	0.249254	0.258258	0.240061	0.245283	0.252994	0.250746	0.265766	0.247761	0.264264	0.250000	0.256716	0.260606	0.263636	0.265152	0.258359	0.262918	0.256098	0.254545	0.237879	0.234234	0.232523	0.231928	0.232523	0.231003	0.237160	0.231818	0.236446	0.229607	0.233333	0.234848	0.233333	0.241742	0.225225	0.239938	0.232308	0.243976	0.234043	0.243243	0.238739	0.243202	0.256716	0.247761
Chichi      	0.170623	0.085799	0.044510	0.141593	0.089971	0.112094	0.128358	0.140950	0.153392	0.064179	0.096970	0.091445	0.138806	0.131657	0.136364	0.112613	0.072917	0.264970	0.267267	0.255255	0.271605	0.262763	0.263473	0.000000	0.073746	0.071217	0.141369	0.064371	0.056213	0.071217	0.117211	0.069940	0.087021	0.066766	0.073746	0.100304	0.075893	0.092920	0.065282	0.064615	0.081470	0.152239	0.097633	0.104478	0.055911	0.095522	0.076923	0.075444	0.063422	0.146884	0.066372	0.072485	0.060651	0.076696	0.068047	0.063988	0.074184	0.076923	0.136905	0.077399	0.075444	0.064897	0.063063	0.069322	0.099407	0.146526	0.263323	0.098820	0.063422	0.078635	0.085546	0.065282	0.073964	0.053097	0.217910	0.206587	0.200599	0.207831	0.196108	0.205438	0.170659	0.143713	0.218101	0.222222	0.223214	0.221386	0.220721	0.223054	0.223054	0.227679	0.223881	0.227545	0.226048	0.226048	0.170623	0.217262	0.223926	0.225610	0.188988	0.223724	0.107143	0.075668	0.083582	0.117994	0.078171
Dajwani     	0.156805	0.076696	0.068047	0.132353	0.077941	0.111765	0.101190	0.128698	0.138235	0.069940	0.099698	0.100000	0.122024	0.122419	0.126888	0.111111	0.072700	0.256716	0.255988	0.250000	0.258462	0.251497	0.249254	0.073746	0.000000	0.075444	0.126113	0.067365	0.036873	0.072485	0.100592	0.062315	0.045588	0.059172	0.064706	0.093939	0.077151	0.086765	0.066568	0.061538	0.071656	0.147321	0.079646	0.094030	0.055732	0.107143	0.011799	0.063609	0.069118	0.142012	0.072059	0.069322	0.069527	0.079412	0.073746	0.057864	0.054734	0.079646	0.135015	0.095975	0.078171	0.064706	0.068862	0.057353	0.096154	0.140060	0.265625	0.087021	0.057353	0.076923	0.079412	0.068047	0.041298	0.050000	0.208955	0.202985	0.198507	0.204204	0.193114	0.200301	0.171642	0.143284	0.215976	0.220060	0.218101	0.216216	0.215569	0.217910	0.217910	0.222552	0.218750	0.222388	0.222388	0.222388	0.170118	0.212166	0.221713	0.221884	0.179525	0.221557	0.123145	0.082840	0.084821	0.108824	0.010294
Dedhi       	0.160714	0.080119	0.061012	0.118343	0.084320	0.084320	0.103293	0.127976	0.143491	0.053731	0.100000	0.078402	0.134731	0.124629	0.145897	0.119335	0.049107	0.246246	0.248494	0.231928	0.253870	0.242470	0.240240	0.071217	0.075444	0.000000	0.146269	0.060241	0.060831	0.053412	0.110119	0.068657	0.073964	0.053412	0.039941	0.095745	0.040299	0.078402	0.037202	0.053846	0.067308	0.145210	0.097923	0.094595	0.059105	0.112275	0.072700	0.078869	0.073964	0.139881	0.054734	0.056213	0.058036	0.038462	0.044510	0.037313	0.059347	0.074184	0.138806	0.071207	0.034125	0.062130	0.052553	0.075444	0.065476	0.131818	0.241379	0.096439	0.047337	0.098214	0.069527	0.062500	0.080119	0.059172	0.189189	0.175676	0.172673	0.178248	0.167169	0.175758	0.147147	0.139222	0.199405	0.206325	0.207463	0.205438	0.204819	0.208709	0.207207	0.211940	0.208084	0.211712	0.211712	0.210210	0.157738	0.201493	0.209231	0.212538	0.167164	0.209337	0.119403	0.065282	0.067164	0.099112	0.073964
eg16t_noor  	0.072917	0.147321	0.138806	0.096439	0.126113	0.117211	0.146707	0.110119	0.093472	0.133634	0.135671	0.142433	0.049401	0.141369	0.077508	0.101515	0.136228	0.262048	0.264350	0.240181	0.265528	0.255287	0.253012	0.141369	0.126113	0.146269	0.000000	0.152568	0.129464	0.135821	0.105970	0.133234	0.129080	0.137313	0.154303	0.137615	0.161677	0.130564	0.146269	0.144410	0.145833	0.071856	0.113095	0.108434	0.141026	0.092814	0.132440	0.128358	0.140950	0.082090	0.137982	0.141369	0.143284	0.160237	0.147321	0.139222	0.132836	0.145833	0.073353	0.143750	0.147321	0.136499	0.143505	0.129080	0.140299	0.083587	0.258675	0.098214	0.148368	0.131343	0.126113	0.152239	0.114583	0.139466	0.216867	0.210843	0.210843	0.213636	0.200906	0.209726	0.192192	0.078313	0.143284	0.148649	0.142216	0.137462	0.140060	0.139640	0.142216	0.146707	0.142216	0.147147	0.146084	0.150150	0.102679	0.134731	0.149231	0.148318	0.139222	0.146084	0.076347	0.137313	0.136637	0.135015	0.130564
Dibbas      	0.173193	0.084084	0.063253	0.133234	0.088323	0.103293	0.122727	0.152108	0.161677	0.062121	0.103077	0.085329	0.139394	0.145646	0.143077	0.118902	0.077039	0.255319	0.259146	0.246951	0.261755	0.254573	0.253799	0.064371	0.067365	0.060241	0.152568	0.000000	0.061562	0.075301	0.115964	0.058912	0.077844	0.048048	0.065868	0.097222	0.055891	0.092814	0.052711	0.062500	0.071197	0.151515	0.097598	0.107576	0.064725	0.112121	0.067568	0.076577	0.077844	0.161145	0.065868	0.072072	0.064565	0.056886	0.061562	0.049849	0.063253	0.073574	0.134441	0.078370	0.064565	0.067365	0.066869	0.071856	0.094880	0.148773	0.264331	0.103293	0.058383	0.093373	0.089820	0.078313	0.072072	0.067365	0.212121	0.205167	0.199088	0.206422	0.194529	0.203988	0.168693	0.141337	0.224398	0.228659	0.226586	0.224771	0.224085	0.227964	0.226444	0.231118	0.227273	0.231003	0.227964	0.229483	0.173193	0.220544	0.225857	0.227554	0.185801	0.228659	0.116314	0.067771	0.086364	0.112275	0.068862
Ebrahimi    	0.155786	0.069527	0.065282	0.131268	0.072271	0.103245	0.098507	0.124629	0.146018	0.035821	0.090909	0.079646	0.122388	0.115385	0.128399	0.096386	0.059524	0.255988	0.256757	0.241742	0.260802	0.252252	0.250000	0.056213	0.036873	0.060831	0.129464	0.061562	0.000000	0.057864	0.096439	0.058036	0.060472	0.043027	0.054572	0.094225	0.069940	0.076696	0.057864	0.047840	0.065495	0.146269	0.078402	0.088323	0.039936	0.097015	0.045858	0.065282	0.056047	0.136499	0.041298	0.051775	0.048961	0.066372	0.057692	0.046131	0.044510	0.066568	0.132440	0.080745	0.068047	0.042773	0.033033	0.048673	0.090504	0.134441	0.257053	0.087278	0.057522	0.072700	0.063422	0.045994	0.051775	0.036873	0.205090	0.199102	0.194611	0.200301	0.189189	0.197885	0.160180	0.143713	0.209199	0.214715	0.211310	0.209337	0.210210	0.211078	0.212575	0.215774	0.211940	0.215569	0.215569	0.215569	0.166172	0.205357	0.214724	0.214939	0.172619	0.213213	0.108631	0.065282	0.062687	0.112094	0.047198
Ewent_ayob  	0.160714	0.069527	0.058036	0.119822	0.065089	0.093195	0.109281	0.123512	0.143491	0.061194	0.072727	0.081361	0.122754	0.121662	0.139818	0.104230	0.007418	0.255255	0.257530	0.242470	0.264706	0.253012	0.249249	0.071217	0.072485	0.053412	0.135821	0.075301	0.057864	0.000000	0.108631	0.077612	0.065089	0.068249	0.045858	0.066869	0.062687	0.079882	0.058036	0.060185	0.073718	0.134731	0.094955	0.087087	0.055911	0.109281	0.069733	0.077381	0.068047	0.144345	0.059172	0.050445	0.061012	0.060651	0.060831	0.059701	0.048961	0.069733	0.140299	0.068323	0.063798	0.063609	0.042042	0.056213	0.071429	0.146970	0.254688	0.094955	0.072485	0.062500	0.062130	0.063988	0.066766	0.050296	0.193694	0.187688	0.183183	0.190332	0.174699	0.184848	0.153153	0.125749	0.205357	0.213855	0.213433	0.211480	0.212349	0.214715	0.214715	0.217910	0.214072	0.217718	0.217718	0.217718	0.159226	0.207463	0.216923	0.220183	0.170149	0.215361	0.108955	0.066766	0.062500	0.099112	0.071006
Fagous      	0.133929	0.115727	0.105655	0.119822	0.075444	0.110947	0.089552	0.098214	0.110947	0.100299	0.119697	0.121302	0.100299	0.117211	0.094225	0.095166	0.107463	0.257485	0.262763	0.233434	0.266975	0.259760	0.251497	0.117211	0.100592	0.110119	0.105970	0.115964	0.096439	0.108631	0.000000	0.110448	0.094675	0.098214	0.121302	0.112462	0.122388	0.100592	0.117560	0.119195	0.115385	0.125749	0.103858	0.100601	0.111821	0.082335	0.105341	0.101190	0.102071	0.087798	0.102071	0.109792	0.111607	0.119822	0.114243	0.104478	0.111607	0.111276	0.091045	0.126168	0.109792	0.100592	0.106928	0.102071	0.092262	0.122727	0.253918	0.093472	0.106509	0.119048	0.097633	0.119048	0.099407	0.112426	0.192192	0.211712	0.207207	0.209970	0.198795	0.203030	0.160661	0.120120	0.186012	0.192771	0.188060	0.185801	0.188253	0.192192	0.190691	0.192537	0.188623	0.195195	0.190691	0.193694	0.120536	0.182090	0.192308	0.188073	0.143284	0.189759	0.105970	0.111607	0.107784	0.091716	0.106509
Fard4       	0.151786	0.078869	0.073134	0.140950	0.084570	0.096439	0.099099	0.143284	0.154303	0.064565	0.106707	0.072700	0.128358	0.113095	0.133739	0.111782	0.079104	0.260542	0.262840	0.243202	0.263158	0.255287	0.259036	0.069940	0.062315	0.068657	0.133234	0.058912	0.058036	0.077612	0.110448	0.000000	0.072700	0.032836	0.057864	0.100917	0.068862	0.083086	0.061194	0.060559	0.065916	0.149701	0.087798	0.102102	0.059486	0.111111	0.065476	0.075893	0.077151	0.142433	0.065282	0.065476	0.065672	0.069733	0.062500	0.059880	0.056716	0.058036	0.138806	0.084375	0.065476	0.072700	0.066465	0.062315	0.085075	0.131420	0.253943	0.099702	0.069733	0.080357	0.078635	0.061194	0.072917	0.051929	0.197289	0.185241	0.185241	0.193939	0.182779	0.188450	0.153614	0.136637	0.219403	0.223565	0.218563	0.213636	0.212991	0.215361	0.215361	0.223054	0.219219	0.222892	0.219880	0.222222	0.165672	0.211078	0.218462	0.218654	0.179641	0.221386	0.120896	0.070149	0.072072	0.106825	0.066766
Faslee      	0.150888	0.054572	0.066568	0.119118	0.067647	0.098529	0.104167	0.124260	0.110294	0.066964	0.096677	0.089706	0.120536	0.129794	0.128399	0.102102	0.065282	0.252239	0.252994	0.239521	0.256923	0.248503	0.246269	0.087021	0.045588	0.073964	0.129080	0.077844	0.060472	0.065089	0.094675	0.072700	0.000000	0.071006	0.066176	0.090909	0.072700	0.076471	0.075444	0.060000	0.055732	0.129464	0.057522	0.074627	0.062102	0.102679	0.036873	0.071006	0.047059	0.134615	0.067647	0.058997	0.073964	0.075000	0.072271	0.056380	0.059172	0.078171	0.139466	0.088235	0.056047	0.048529	0.058383	0.067647	0.085799	0.138554	0.256250	0.082596	0.058824	0.075444	0.066176	0.066568	0.051622	0.057353	0.198507	0.195522	0.191045	0.193694	0.185629	0.188253	0.158209	0.132836	0.198225	0.206587	0.206231	0.204204	0.205090	0.205970	0.207463	0.210682	0.206845	0.210448	0.208955	0.211940	0.156805	0.200297	0.211009	0.212766	0.154303	0.209581	0.111276	0.084320	0.062500	0.092647	0.038235
Gajar       	0.151786	0.072700	0.061012	0.133136	0.073964	0.093195	0.095808	0.133929	0.155325	0.047761	0.096970	0.082840	0.119760	0.112760	0.130699	0.107251	0.063988	0.250751	0.251506	0.239458	0.253870	0.248494	0.244745	0.066766	0.059172	0.053412	0.137313	0.048048	0.043027	0.068249	0.098214	0.032836	0.071006	0.000000	0.053254	0.097264	0.059701	0.081361	0.053571	0.052469	0.065705	0.145210	0.091988	0.102102	0.043131	0.106287	0.065282	0.068452	0.060651	0.136905	0.050296	0.054896	0.053571	0.060651	0.059347	0.047761	0.057864	0.056380	0.128358	0.079193	0.060831	0.059172	0.053892	0.054734	0.089286	0.128788	0.247649	0.096439	0.057692	0.090774	0.075444	0.050595	0.066766	0.047337	0.190691	0.187688	0.183183	0.188822	0.174699	0.183333	0.153153	0.137725	0.217262	0.221386	0.216418	0.214502	0.213855	0.216216	0.216216	0.220896	0.217066	0.220721	0.217718	0.219219	0.163690	0.210448	0.215385	0.215596	0.176119	0.218373	0.108955	0.062315	0.068657	0.102071	0.066568
Halawy      	0.174556	0.070796	0.071006	0.132353	0.083824	0.094118	0.096726	0.152367	0.158824	0.052083	0.101208	0.073529	0.141369	0.128319	0.148036	0.123123	0.050445	0.265672	0.269461	0.252994	0.272308	0.261976	0.259701	0.073746	0.064706	0.039941	0.154303	0.065868	0.054572	0.045858	0.121302	0.057864	0.066176	0.053254	0.000000	0.098485	0.040059	0.083824	0.035503	0.055385	0.078025	0.147321	0.094395	0.097015	0.044586	0.125000	0.064897	0.087278	0.066176	0.164201	0.051471	0.048673	0.059172	0.041176	0.047198	0.051929	0.042899	0.061947	0.148368	0.066563	0.042773	0.061765	0.038922	0.063235	0.087278	0.159639	0.257812	0.110619	0.057353	0.075444	0.076471	0.050296	0.076696	0.044118	0.200000	0.194030	0.189552	0.195195	0.184132	0.192771	0.159701	0.147761	0.220414	0.229042	0.225519	0.223724	0.224551	0.228358	0.226866	0.229970	0.226190	0.229851	0.228358	0.229851	0.176036	0.219585	0.227829	0.231003	0.185460	0.227545	0.133531	0.065089	0.066964	0.102941	0.066176
Hamria      	0.150915	0.092705	0.086890	0.118182	0.095455	0.106061	0.108232	0.126140	0.130303	0.093272	0.030675	0.103030	0.125767	0.092705	0.141304	0.108025	0.067073	0.256135	0.261538	0.247692	0.260252	0.250769	0.250765	0.100304	0.093939	0.095745	0.137615	0.097222	0.094225	0.066869	0.112462	0.100917	0.090909	0.097264	0.098485	0.000000	0.100917	0.100000	0.092988	0.084906	0.103279	0.142202	0.109422	0.116923	0.099026	0.116564	0.089666	0.080793	0.095455	0.132622	0.096970	0.085106	0.085366	0.098485	0.097264	0.096330	0.091185	0.095745	0.142202	0.109873	0.096970	0.096970	0.092308	0.095455	0.098784	0.156832	0.247604	0.115502	0.098485	0.051672	0.071212	0.096037	0.080547	0.096970	0.205521	0.204615	0.203988	0.201238	0.195385	0.201238	0.173846	0.110092	0.202744	0.200617	0.207951	0.206790	0.205247	0.209231	0.209231	0.211009	0.207055	0.212308	0.210769	0.210769	0.149390	0.205793	0.208464	0.212500	0.163609	0.211420	0.117378	0.080547	0.088415	0.101515	0.090909
Hawawiri    	0.174627	0.069940	0.073134	0.142433	0.087537	0.096439	0.103604	0.152239	0.157270	0.054054	0.112805	0.071217	0.144144	0.139881	0.153963	0.124242	0.061377	0.250000	0.252266	0.241692	0.256211	0.246224	0.246988	0.075893	0.077151	0.040299	0.161677	0.055891	0.069940	0.062687	0.122388	0.068862	0.072700	0.059701	0.040059	0.100917	0.000000	0.080119	0.023881	0.062112	0.065287	0.150150	0.105655	0.099398	0.054662	0.120120	0.077381	0.088060	0.069733	0.159701	0.054896	0.046131	0.058209	0.002967	0.029762	0.043413	0.056716	0.065476	0.145210	0.068536	0.053571	0.062315	0.049849	0.071217	0.080597	0.145897	0.246855	0.099702	0.054896	0.083582	0.084570	0.062687	0.089286	0.060831	0.200301	0.185241	0.180723	0.187879	0.175227	0.185410	0.153614	0.156627	0.208955	0.219880	0.219403	0.217523	0.218373	0.220721	0.218373	0.223881	0.220060	0.223724	0.222222	0.221386	0.171642	0.211078	0.221538	0.222393	0.179641	0.219033	0.128743	0.061194	0.079580	0.103858	0.078635
Hayany      	0.156805	0.078171	0.081361	0.127941	0.079412	0.095588	0.087798	0.124260	0.133824	0.080357	0.108761	0.095588	0.130952	0.123894	0.132931	0.111111	0.081602	0.258209	0.261976	0.236527	0.270769	0.258982	0.255224	0.092920	0.086765	0.078402	0.130564	0.092814	0.076696	0.079882	0.100592	0.083086	0.076471	0.081361	0.083824	0.100000	0.080119	0.000000	0.075444	0.084615	0.074841	0.138393	0.095870	0.082090	0.065287	0.090774	0.087021	0.094675	0.073529	0.142012	0.079412	0.072271	0.073964	0.077941	0.072271	0.075668	0.078402	0.075221	0.118694	0.094427	0.076696	0.063235	0.079341	0.076471	0.087278	0.132530	0.248438	0.088496	0.088235	0.091716	0.039706	0.078402	0.095870	0.077941	0.186567	0.183582	0.179104	0.184685	0.170659	0.179217	0.140299	0.134328	0.202663	0.209581	0.207715	0.205706	0.205090	0.207463	0.207463	0.212166	0.208333	0.211940	0.211940	0.210448	0.153846	0.201780	0.211009	0.212766	0.172107	0.209581	0.111276	0.087278	0.071429	0.080882	0.088235
Helwa       	0.165179	0.068249	0.065476	0.133136	0.075444	0.103550	0.101796	0.141369	0.156805	0.050746	0.104863	0.068047	0.131737	0.126113	0.144377	0.114804	0.059701	0.252252	0.255255	0.242470	0.259259	0.249249	0.250000	0.065282	0.066568	0.037202	0.146269	0.052711	0.057864	0.058036	0.117560	0.061194	0.075444	0.053571	0.035503	0.092988	0.023881	0.075444	0.000000	0.057276	0.073482	0.151198	0.100890	0.093093	0.044872	0.113772	0.068249	0.081845	0.069527	0.156250	0.051775	0.045994	0.052083	0.023669	0.029674	0.037313	0.052083	0.062315	0.137313	0.055901	0.045994	0.059172	0.051205	0.060651	0.084821	0.146970	0.248428	0.096439	0.060651	0.072917	0.076923	0.056548	0.078635	0.050296	0.195195	0.180180	0.175676	0.182779	0.170181	0.180303	0.148649	0.144144	0.215774	0.221386	0.217910	0.216012	0.216867	0.219219	0.219219	0.222388	0.218563	0.222222	0.222222	0.222222	0.168155	0.211940	0.221538	0.223242	0.177612	0.218373	0.122024	0.050595	0.076347	0.103550	0.068047
Hilali      	0.160991	0.052469	0.066358	0.133846	0.075385	0.098462	0.110592	0.143963	0.149231	0.051242	0.086751	0.078462	0.141745	0.120370	0.146688	0.110248	0.060372	0.253125	0.255486	0.241379	0.260450	0.249216	0.250000	0.064615	0.061538	0.053846	0.144410	0.062500	0.047840	0.060185	0.119195	0.060559	0.060000	0.052469	0.055385	0.084906	0.062112	0.084615	0.057276	0.000000	0.068333	0.152648	0.091049	0.102804	0.048173	0.109034	0.060185	0.072531	0.060000	0.157895	0.052308	0.043077	0.040123	0.061538	0.055556	0.048137	0.052469	0.070988	0.156832	0.089744	0.067901	0.049231	0.052795	0.061538	0.084877	0.143082	0.249186	0.107692	0.055385	0.075617	0.070769	0.043210	0.060185	0.049231	0.208075	0.187500	0.186916	0.183962	0.179128	0.181388	0.165109	0.142857	0.215170	0.224138	0.223602	0.221698	0.222571	0.223438	0.225000	0.226708	0.222741	0.226562	0.225857	0.226562	0.174923	0.217391	0.226837	0.228571	0.183230	0.222571	0.114907	0.064815	0.047988	0.106154	0.061538
Hiri        	0.169872	0.062300	0.073482	0.143312	0.087580	0.100318	0.112903	0.143770	0.135350	0.070740	0.108197	0.097134	0.139871	0.145367	0.147059	0.113269	0.073955	0.257282	0.260518	0.250000	0.266667	0.254045	0.254839	0.081470	0.071656	0.067308	0.145833	0.071197	0.065495	0.073718	0.115385	0.065916	0.055732	0.065705	0.078025	0.103279	0.065287	0.074841	0.073482	0.068333	0.000000	0.156452	0.095847	0.103560	0.066781	0.107717	0.070288	0.073718	0.054140	0.149038	0.074841	0.071885	0.073718	0.065287	0.071885	0.057878	0.062500	0.084665	0.151125	0.101329	0.058917	0.054140	0.064935	0.078025	0.079872	0.143322	0.266102	0.092652	0.076433	0.097756	0.070064	0.067093	0.083067	0.070064	0.207120	0.189320	0.186084	0.190554	0.180195	0.187908	0.160194	0.153722	0.216346	0.225806	0.225962	0.223301	0.223301	0.225080	0.222581	0.230769	0.225962	0.229904	0.229032	0.226537	0.169329	0.218650	0.226073	0.226073	0.178457	0.224919	0.120192	0.088141	0.079032	0.097134	0.070064
