  105
Abel        	0.000000	0.127036	0.137705	0.080065	0.120521	0.097039	0.135621	0.102941	0.077815	0.128289	0.115894	0.132787	0.070492	0.112745	0.074751	0.094371	0.127451	0.256711	0.259386	0.261667	0.259450	0.243289	0.240803	0.131148	0.121311	0.127451	0.062295	0.137417	0.120521	0.129139	0.109477	0.119281	0.115635	0.128713	0.140065	0.119932	0.142623	0.157980	0.135621	0.113559	0.137011	0.096405	0.111475	0.106908	0.129433	0.131579	0.124183	0.127036	0.135621	0.090461	0.125817	0.131148	0.128664	0.141694	0.133987	0.140264	0.129139	0.135621	0.109477	0.112676	0.129508	0.127451	0.136964	0.133987	0.130719	0.075908	0.258741	0.094463	0.134426	0.125000	0.138436	0.140984	0.135621	0.130293	0.215947	0.204392	0.218543	0.217391	0.203704	0.209732	0.181518	0.070261	0.119672	0.125817	0.110749	0.111475	0.109121	0.110749	0.110749	0.111111	0.110749	0.107843	0.110197	0.109836	0.104575	0.111111	0.107261	0.110927	0.082237	0.107492	0.062295	0.128713	0.130363	0.156352	0.125407
Abouman     	0.127036	0.000000	0.084691	0.110390	0.072816	0.106557	0.097403	0.118506	0.110197	0.070261	0.067434	0.091205	0.117264	0.123377	0.118812	0.090461	0.056818	0.231667	0.231293	0.228477	0.237201	0.220736	0.210963	0.073290	0.060261	0.060065	0.122150	0.069079	0.050162	0.062500	0.108766	0.071429	0.059871	0.060656	0.053398	0.059122	0.058632	0.086039	0.050325	0.050505	0.063604	0.133117	0.084691	0.088235	0.035211	0.102941	0.066558	0.077670	0.056818	0.133987	0.069805	0.052117	0.035599	0.055016	0.066558	0.072131	0.062500	0.074675	0.123779	0.073427	0.053746	0.042208	0.049505	0.058442	0.086039	0.122951	0.251736	0.069579	0.079805	0.053922	0.074434	0.076547	0.077922	0.059871	0.168874	0.157718	0.167763	0.169435	0.152174	0.165000	0.150820	0.120130	0.198697	0.198052	0.192557	0.193811	0.190939	0.192557	0.192557	0.189935	0.192557	0.189935	0.192810	0.192182	0.133117	0.193182	0.190164	0.194079	0.150327	0.189320	0.112378	0.067213	0.068852	0.095469	0.067961
Ajwa        	0.137705	0.084691	0.000000	0.116013	0.068404	0.094059	0.111111	0.106209	0.102649	0.085526	0.067881	0.085246	0.116393	0.111111	0.122517	0.092409	0.066993	0.250000	0.246575	0.238333	0.254296	0.232323	0.227425	0.044262	0.065574	0.060458	0.131148	0.070957	0.070033	0.067881	0.102941	0.066993	0.078176	0.075658	0.076547	0.074830	0.078431	0.076797	0.065359	0.048986	0.074733	0.133550	0.101639	0.075410	0.072438	0.098361	0.071895	0.068404	0.083333	0.141447	0.088235	0.080065	0.065147	0.074919	0.070261	0.077558	0.082781	0.080065	0.126230	0.064912	0.073770	0.075163	0.091362	0.073529	0.075163	0.130363	0.246503	0.089577	0.063725	0.077303	0.078176	0.070492	0.076797	0.066775	0.176667	0.168919	0.180464	0.185619	0.168350	0.184564	0.151316	0.124183	0.206557	0.205882	0.200326	0.201639	0.198697	0.200326	0.200326	0.197712	0.200326	0.197712	0.200658	0.200000	0.140523	0.200980	0.198020	0.201987	0.141447	0.197068	0.108197	0.075908	0.060855	0.094463	0.073290
Alig        	0.080065	0.110390	0.116013	0.000000	0.112013	0.083607	0.130293	0.102606	0.049342	0.118033	0.092409	0.127451	0.076797	0.110749	0.084437	0.092105	0.114007	0.259197	0.257679	0.254153	0.265411	0.239933	0.236667	0.106209	0.112745	0.114007	0.078431	0.107261	0.108766	0.112211	0.100977	0.107492	0.118506	0.121711	0.121753	0.096610	0.127451	0.122150	0.107492	0.108108	0.113475	0.097720	0.094771	0.101639	0.113074	0.109836	0.109121	0.113636	0.131922	0.095082	0.112378	0.119281	0.110390	0.123377	0.118893	0.123355	0.105611	0.114007	0.091503	0.107018	0.116013	0.117264	0.122517	0.112378	0.112378	0.086885	0.251736	0.079545	0.125817	0.085246	0.100649	0.119281	0.127036	0.112013	0.182724	0.183502	0.194719	0.201667	0.182886	0.193980	0.151316	0.070033	0.140065	0.136808	0.131494	0.135179	0.133117	0.134740	0.131494	0.133550	0.134740	0.131922	0.134426	0.133987	0.089577	0.135179	0.134426	0.138158	0.088525	0.131494	0.066775	0.111842	0.110197	0.121753	0.110390
Amir_haj    	0.120521	0.072816	0.068404	0.112013	0.000000	0.090164	0.079545	0.097403	0.088816	0.049020	0.065789	0.086319	0.104235	0.102273	0.112211	0.088816	0.045455	0.246667	0.241497	0.240066	0.252560	0.229097	0.224252	0.070033	0.055375	0.068182	0.110749	0.077303	0.051780	0.046053	0.084416	0.063312	0.048544	0.067213	0.061489	0.070946	0.079805	0.081169	0.066558	0.063973	0.072438	0.125000	0.074919	0.088235	0.059859	0.084967	0.048701	0.069579	0.068182	0.125817	0.043831	0.055375	0.063107	0.079288	0.068182	0.072131	0.062500	0.069805	0.115635	0.078671	0.068404	0.063312	0.062706	0.055195	0.074675	0.114754	0.253472	0.080906	0.066775	0.063725	0.066343	0.052117	0.050325	0.055016	0.177152	0.172819	0.185855	0.187708	0.170569	0.186667	0.139344	0.105519	0.200326	0.199675	0.197411	0.195440	0.195793	0.197411	0.197411	0.194805	0.197411	0.194805	0.194444	0.195440	0.116883	0.198052	0.193443	0.199013	0.133987	0.194175	0.100977	0.062295	0.050820	0.074434	0.050162
Aseel       	0.097039	0.106557	0.094059	0.083607	0.090164	0.000000	0.115132	0.101974	0.086379	0.104305	0.088333	0.102310	0.092409	0.105263	0.096990	0.084437	0.097039	0.253378	0.250859	0.250000	0.253448	0.236486	0.232323	0.090759	0.097360	0.097039	0.100660	0.106667	0.090164	0.093333	0.103618	0.088816	0.101639	0.101329	0.109836	0.081911	0.115512	0.103279	0.098684	0.090136	0.087814	0.101974	0.084158	0.072848	0.088968	0.096026	0.103618	0.093443	0.118421	0.105960	0.103618	0.107261	0.108197	0.111475	0.100329	0.099668	0.091667	0.092105	0.105263	0.093640	0.092409	0.098684	0.115000	0.106908	0.088816	0.102649	0.256993	0.080328	0.097360	0.089404	0.095082	0.100660	0.111842	0.103279	0.195652	0.193220	0.205980	0.209732	0.189189	0.207071	0.161130	0.097039	0.167763	0.162829	0.155738	0.159539	0.154098	0.152459	0.155738	0.149671	0.155738	0.152961	0.153974	0.155116	0.101639	0.156250	0.155629	0.159468	0.115894	0.152459	0.078947	0.089701	0.094684	0.106557	0.104918
P1_rOPbAL1  	0.135621	0.097403	0.111111	0.130293	0.079545	0.115132	0.000000	0.105863	0.120462	0.093443	0.097360	0.098039	0.117647	0.107492	0.129139	0.118812	0.099349	0.252508	0.250853	0.245847	0.256849	0.234899	0.230000	0.098039	0.083333	0.096091	0.119281	0.107261	0.086039	0.099010	0.079805	0.087948	0.102273	0.092105	0.092532	0.093220	0.101307	0.086319	0.091205	0.096284	0.108156	0.143322	0.088235	0.098361	0.075972	0.102941	0.089577	0.100649	0.115635	0.140984	0.087948	0.099673	0.090909	0.100649	0.089577	0.098684	0.090759	0.087948	0.111111	0.105263	0.096405	0.100977	0.096026	0.092834	0.105863	0.123355	0.263066	0.092532	0.094771	0.081967	0.077922	0.099673	0.104235	0.092532	0.182724	0.173401	0.188119	0.188333	0.177852	0.190635	0.156250	0.117264	0.199346	0.198697	0.193182	0.194444	0.191558	0.193182	0.193182	0.193811	0.193182	0.190554	0.190164	0.192810	0.138436	0.193811	0.190789	0.194719	0.160656	0.189935	0.112745	0.097039	0.105263	0.076299	0.090909
CAP50bhOA1  	0.102941	0.118506	0.106209	0.102606	0.097403	0.101974	0.105863	0.000000	0.080858	0.104918	0.092409	0.112378	0.080065	0.092834	0.104305	0.100660	0.107492	0.234114	0.235495	0.219269	0.239726	0.221477	0.218333	0.098039	0.100977	0.110749	0.111111	0.115132	0.097403	0.105611	0.105863	0.102273	0.107143	0.100329	0.123377	0.105085	0.119281	0.128664	0.112378	0.108108	0.132979	0.135179	0.102941	0.080328	0.109541	0.091803	0.103896	0.092532	0.123779	0.102941	0.100977	0.117647	0.112013	0.121753	0.110749	0.110197	0.115512	0.112378	0.107843	0.112281	0.114379	0.118893	0.115894	0.104235	0.120521	0.088816	0.243902	0.077922	0.112745	0.093443	0.112013	0.127036	0.109121	0.110390	0.189369	0.200337	0.211221	0.201667	0.199664	0.205686	0.171053	0.092834	0.155229	0.154723	0.152597	0.153595	0.150974	0.152597	0.152597	0.153094	0.152597	0.156352	0.152459	0.151961	0.100977	0.153094	0.149671	0.153465	0.113115	0.149351	0.094771	0.103618	0.113487	0.126623	0.105519
Aziza       	0.077815	0.110197	0.102649	0.049342	0.088816	0.086379	0.120462	0.080858	0.000000	0.111296	0.096990	0.114238	0.061258	0.110561	0.066890	0.095000	0.107261	0.247458	0.243103	0.237374	0.250000	0.229592	0.227273	0.096026	0.092715	0.105611	0.071192	0.117057	0.101974	0.107023	0.077558	0.103960	0.085526	0.116667	0.113487	0.099656	0.120861	0.120462	0.110561	0.102389	0.116906	0.087459	0.096026	0.089701	0.110714	0.098007	0.092409	0.106908	0.108911	0.086379	0.108911	0.110927	0.110197	0.120066	0.118812	0.110000	0.118729	0.108911	0.091060	0.117438	0.109272	0.103960	0.110368	0.108911	0.103960	0.086379	0.235915	0.070724	0.099338	0.089701	0.095395	0.115894	0.100660	0.108553	0.178451	0.185374	0.193980	0.197635	0.184746	0.194915	0.140000	0.072607	0.133663	0.127063	0.128289	0.132013	0.126645	0.128289	0.128289	0.125413	0.128289	0.125413	0.127907	0.127483	0.084158	0.128713	0.127907	0.131667	0.071192	0.125000	0.057756	0.110000	0.101667	0.111842	0.092105
zr9q_az3aq  	0.128289	0.070261	0.085526	0.118033	0.049020	0.104305	0.093443	0.104918	0.111296	0.000000	0.070957	0.068852	0.110197	0.093443	0.123333	0.104651	0.055556	0.234007	0.228522	0.229097	0.242268	0.217172	0.213087	0.074013	0.064145	0.066993	0.113487	0.078073	0.040850	0.059603	0.104918	0.068852	0.060458	0.070957	0.060458	0.072881	0.059211	0.091803	0.059016	0.066102	0.071174	0.129508	0.077303	0.099010	0.060284	0.097360	0.057377	0.078431	0.059016	0.127063	0.008197	0.059211	0.065359	0.058824	0.047541	0.046358	0.059406	0.075410	0.126230	0.077465	0.065789	0.055738	0.051495	0.059016	0.090164	0.108911	0.239510	0.084967	0.060855	0.069079	0.075163	0.064145	0.059016	0.052288	0.178930	0.175676	0.181063	0.179530	0.170608	0.186869	0.150662	0.114379	0.184211	0.183607	0.181373	0.175987	0.179739	0.181373	0.181373	0.178689	0.181373	0.178689	0.178218	0.177632	0.136066	0.181967	0.175497	0.182724	0.138614	0.178105	0.098684	0.046205	0.056106	0.099673	0.058824
Barmel      	0.115894	0.067434	0.067881	0.092409	0.065789	0.088333	0.097360	0.092409	0.096990	0.070957	0.000000	0.080858	0.100993	0.080592	0.115772	0.088629	0.055921	0.250847	0.242215	0.240741	0.252595	0.227119	0.225589	0.064570	0.059603	0.069079	0.115894	0.066890	0.047697	0.050000	0.102310	0.072607	0.072368	0.069767	0.077303	0.032203	0.081126	0.089109	0.061056	0.052901	0.078571	0.123762	0.091060	0.078073	0.062500	0.094684	0.059406	0.047697	0.085809	0.134551	0.069307	0.066225	0.057566	0.077303	0.069307	0.060000	0.066667	0.070957	0.115894	0.069149	0.074503	0.067657	0.073579	0.069307	0.079208	0.121667	0.242105	0.085526	0.074503	0.034768	0.064145	0.064570	0.064356	0.065789	0.175084	0.171769	0.180602	0.182432	0.168367	0.181356	0.151667	0.087171	0.190397	0.189769	0.184211	0.185430	0.182566	0.184211	0.184211	0.181518	0.184211	0.181518	0.184385	0.183775	0.122112	0.184818	0.181667	0.185619	0.127907	0.180921	0.102649	0.056478	0.061462	0.095395	0.060855
Began       	0.132787	0.091205	0.085246	0.127451	0.086319	0.102310	0.098039	0.112378	0.114238	0.068852	0.080858	0.000000	0.119672	0.098039	0.126246	0.115894	0.080065	0.250000	0.250000	0.241667	0.254296	0.235690	0.227425	0.081967	0.076797	0.066993	0.131148	0.074257	0.079805	0.076159	0.116013	0.061889	0.089577	0.075908	0.076547	0.081356	0.052459	0.096405	0.062092	0.064407	0.085106	0.147059	0.104918	0.092105	0.081560	0.111842	0.083062	0.081433	0.089869	0.147541	0.063725	0.077049	0.074919	0.052117	0.053922	0.056106	0.079470	0.075163	0.139344	0.065141	0.070492	0.078431	0.084718	0.089869	0.083333	0.132013	0.250000	0.096091	0.059016	0.080328	0.081433	0.066993	0.088235	0.079805	0.180000	0.173401	0.183775	0.182274	0.171717	0.186242	0.153465	0.117647	0.196721	0.194444	0.193811	0.195082	0.192182	0.190554	0.193811	0.189542	0.193811	0.191176	0.194079	0.193443	0.142157	0.194444	0.191419	0.195364	0.143092	0.190554	0.100000	0.061056	0.070957	0.102606	0.084691
yser_hkloo  	0.070492	0.117264	0.116393	0.076797	0.104235	0.092409	0.117647	0.080065	0.061258	0.110197	0.100993	0.119672	0.000000	0.117647	0.056478	0.086093	0.109477	0.241611	0.247440	0.242525	0.249141	0.231544	0.225000	0.118033	0.100000	0.112745	0.057190	0.119205	0.105863	0.105960	0.086601	0.111111	0.109121	0.110561	0.128664	0.102041	0.131148	0.138889	0.117647	0.110169	0.128114	0.062092	0.093443	0.090461	0.107774	0.098684	0.106209	0.102606	0.125817	0.087171	0.109477	0.126230	0.120521	0.127036	0.122549	0.118812	0.122517	0.112745	0.075410	0.109155	0.119672	0.117647	0.126246	0.114379	0.099673	0.074257	0.241259	0.071661	0.109836	0.116776	0.120521	0.124590	0.114379	0.118893	0.192691	0.188552	0.200331	0.202658	0.187919	0.197987	0.168317	0.053922	0.122951	0.122549	0.122150	0.122951	0.120521	0.122150	0.122150	0.122150	0.122150	0.119281	0.121311	0.121311	0.080065	0.122549	0.118812	0.122517	0.096721	0.118893	0.059016	0.102310	0.125413	0.128664	0.107492
Biddajaj    	0.112745	0.123377	0.111111	0.110749	0.102273	0.105263	0.107492	0.092834	0.110561	0.093443	0.080592	0.098039	0.117647	0.000000	0.122517	0.122112	0.099349	0.254181	0.252560	0.255814	0.257679	0.234114	0.234219	0.101307	0.099673	0.102606	0.127451	0.115512	0.097403	0.095710	0.112378	0.086319	0.108766	0.100329	0.107143	0.091216	0.117647	0.112378	0.107492	0.104730	0.114841	0.146580	0.116013	0.098361	0.104240	0.108197	0.105863	0.097403	0.122150	0.122951	0.087948	0.109477	0.110390	0.113636	0.102606	0.103618	0.099010	0.100977	0.124183	0.094737	0.109477	0.114007	0.110927	0.102606	0.109121	0.129934	0.252613	0.105519	0.112745	0.091803	0.094156	0.107843	0.110749	0.100649	0.187708	0.188552	0.199670	0.205000	0.187919	0.200669	0.169408	0.114007	0.183007	0.182410	0.173701	0.171569	0.172078	0.173701	0.173701	0.174267	0.173701	0.171010	0.172131	0.171569	0.135179	0.174267	0.169408	0.174917	0.116393	0.170455	0.099673	0.093750	0.101974	0.115260	0.107143
uds_Raraqs  	0.074751	0.118812	0.122517	0.084437	0.112211	0.096990	0.129139	0.104305	0.066890	0.123333	0.115772	0.126246	0.056478	0.122517	0.000000	0.081940	0.109272	0.247458	0.250000	0.241554	0.249129	0.235495	0.233898	0.117550	0.121262	0.107616	0.054817	0.128763	0.117162	0.109060	0.079470	0.114238	0.112211	0.125000	0.122112	0.118966	0.130795	0.120861	0.115894	0.114726	0.124549	0.074257	0.102649	0.086379	0.106115	0.089701	0.119205	0.125413	0.132450	0.078333	0.124172	0.122517	0.122112	0.127063	0.124172	0.125418	0.120805	0.125828	0.058140	0.113475	0.119601	0.110927	0.122896	0.115894	0.119205	0.063545	0.250000	0.069307	0.119205	0.126246	0.107261	0.132890	0.127483	0.122112	0.185811	0.179181	0.191275	0.201014	0.181973	0.194915	0.170000	0.074503	0.112957	0.112583	0.100660	0.101329	0.099010	0.100660	0.100660	0.100993	0.100660	0.097682	0.100000	0.099668	0.069536	0.100993	0.096990	0.100671	0.094684	0.097360	0.069767	0.120401	0.122924	0.128713	0.120462
BouslKhine  	0.094371	0.090461	0.092409	0.092105	0.088816	0.084437	0.118812	0.100660	0.095000	0.104651	0.088629	0.115894	0.086093	0.122112	0.081940	0.000000	0.084158	0.250847	0.252595	0.247475	0.252595	0.238095	0.233108	0.087748	0.087748	0.080858	0.100993	0.096667	0.087171	0.088629	0.089109	0.095710	0.092105	0.099668	0.093750	0.103093	0.105611	0.117162	0.092409	0.083333	0.093190	0.105263	0.079470	0.074751	0.082143	0.077815	0.084158	0.095395	0.100660	0.089701	0.100660	0.094059	0.085526	0.101974	0.100660	0.101667	0.088629	0.105611	0.102649	0.088652	0.086093	0.092409	0.100671	0.094059	0.079208	0.088040	0.257042	0.064145	0.085809	0.099668	0.106908	0.102649	0.092409	0.097039	0.176768	0.176871	0.183333	0.200337	0.176271	0.187500	0.151163	0.112211	0.165017	0.165017	0.149671	0.153465	0.148026	0.149671	0.149671	0.150165	0.149671	0.146865	0.149502	0.149007	0.093750	0.150165	0.149502	0.153333	0.111296	0.146382	0.080858	0.103333	0.094684	0.108553	0.085526
Braim       	0.127451	0.056818	0.066993	0.114007	0.045455	0.097039	0.099349	0.107492	0.107261	0.055556	0.055921	0.080065	0.109477	0.099349	0.109272	0.084158	0.000000	0.240803	0.233788	0.237542	0.243151	0.223154	0.220000	0.065359	0.058824	0.042208	0.117647	0.075908	0.048701	0.009868	0.097720	0.066775	0.058442	0.067213	0.038961	0.054054	0.050654	0.071661	0.050489	0.048822	0.069149	0.125407	0.084967	0.083607	0.045775	0.088525	0.052117	0.063312	0.061889	0.129508	0.048860	0.029412	0.053571	0.047078	0.055375	0.062500	0.046053	0.066775	0.112745	0.073427	0.057190	0.050489	0.037954	0.042345	0.074919	0.125000	0.248264	0.071429	0.058824	0.052459	0.056818	0.052288	0.057003	0.040584	0.161130	0.163300	0.169967	0.180000	0.159396	0.173913	0.143092	0.105519	0.194444	0.193811	0.188312	0.186275	0.186688	0.188312	0.188312	0.185668	0.188312	0.185668	0.186885	0.186275	0.117264	0.188925	0.184211	0.189769	0.134426	0.185065	0.107843	0.059016	0.054098	0.087662	0.050325
XsRs_93115  	0.256711	0.231667	0.250000	0.259197	0.246667	0.253378	0.252508	0.234114	0.247458	0.234007	0.250847	0.250000	0.241611	0.254181	0.247458	0.250847	0.240803	0.000000	0.054983	0.081081	0.055172	0.061224	0.078498	0.239130	0.231544	0.240803	0.256711	0.252542	0.236667	0.242373	0.242475	0.242475	0.231667	0.239865	0.248333	0.257840	0.241611	0.270903	0.235786	0.237024	0.246377	0.250836	0.251678	0.247475	0.229091	0.245791	0.235786	0.241667	0.245819	0.252525	0.232441	0.238255	0.230000	0.236667	0.239130	0.239865	0.240678	0.250836	0.268456	0.246403	0.244966	0.227425	0.243197	0.239130	0.247492	0.244932	0.235915	0.231667	0.236577	0.250000	0.255000	0.264214	0.244147	0.243333	0.276451	0.282007	0.286441	0.270548	0.275862	0.285223	0.275338	0.260870	0.262542	0.259197	0.260000	0.257525	0.258333	0.260000	0.260000	0.260870	0.256667	0.254181	0.259197	0.258333	0.247492	0.256667	0.257576	0.253378	0.256711	0.256667	0.248322	0.239865	0.248311	0.250000	0.238333
nsfs_9311w  	0.259386	0.231293	0.246575	0.257679	0.241497	0.250859	0.250853	0.235495	0.243103	0.228522	0.242215	0.250000	0.247440	0.252560	0.250000	0.252595	0.233788	0.054983	0.000000	0.110922	0.010453	0.024055	0.030822	0.234589	0.224315	0.235495	0.257679	0.250865	0.231293	0.236207	0.242321	0.242321	0.227891	0.237931	0.243197	0.253546	0.238014	0.267007	0.229592	0.235816	0.235185	0.249147	0.247440	0.249141	0.233333	0.247423	0.226962	0.238095	0.238908	0.252577	0.226962	0.237201	0.229592	0.234694	0.237201	0.234483	0.237931	0.252560	0.271331	0.247232	0.238014	0.223549	0.237024	0.239796	0.242321	0.247423	0.219643	0.234694	0.232877	0.244863	0.250000	0.255973	0.237201	0.239796	0.279310	0.294014	0.295848	0.291667	0.287719	0.297203	0.272414	0.264505	0.255973	0.250853	0.255102	0.252560	0.253401	0.255102	0.255102	0.255102	0.251701	0.244898	0.254266	0.250000	0.254266	0.251701	0.252577	0.254296	0.250853	0.250000	0.243151	0.239655	0.243103	0.246599	0.231293
nsiY_93J21  	0.261667	0.228477	0.238333	0.254153	0.240066	0.250000	0.245847	0.219269	0.237374	0.229097	0.240741	0.241667	0.242525	0.255814	0.241554	0.247475	0.237542	0.081081	0.110922	0.000000	0.113014	0.127119	0.131313	0.228333	0.230000	0.230897	0.257475	0.245791	0.226821	0.235690	0.235880	0.237542	0.226821	0.233221	0.236755	0.252595	0.233333	0.255814	0.229236	0.237931	0.241007	0.250831	0.240864	0.242475	0.227437	0.239130	0.229236	0.233444	0.240864	0.247492	0.227575	0.233333	0.228477	0.231788	0.232558	0.236577	0.232323	0.239203	0.265000	0.244643	0.233333	0.227575	0.234797	0.225914	0.237542	0.232441	0.230634	0.223510	0.226667	0.235786	0.248344	0.259136	0.239203	0.233444	0.268581	0.283505	0.286195	0.263514	0.274744	0.284014	0.261745	0.260797	0.270000	0.265781	0.269868	0.270000	0.268212	0.269868	0.269868	0.269868	0.266556	0.264120	0.269231	0.268333	0.239203	0.265781	0.270134	0.262626	0.248333	0.266556	0.238333	0.234899	0.239933	0.240066	0.231788
enses_DP6b  	0.259450	0.237201	0.254296	0.265411	0.252560	0.253448	0.256849	0.239726	0.250000	0.242268	0.252595	0.254296	0.249141	0.257679	0.249129	0.252595	0.243151	0.055172	0.010453	0.113014	0.000000	0.031034	0.037931	0.242268	0.228522	0.238014	0.259450	0.255208	0.237201	0.241319	0.248288	0.246575	0.232082	0.242215	0.247440	0.261566	0.245704	0.273973	0.234589	0.239362	0.239852	0.256849	0.248288	0.251724	0.237918	0.249141	0.231164	0.242321	0.246575	0.255172	0.238014	0.245704	0.240614	0.240614	0.246575	0.242215	0.240484	0.256849	0.273973	0.253676	0.242268	0.227740	0.245645	0.243151	0.251712	0.250859	0.224014	0.237201	0.238832	0.253448	0.257679	0.261986	0.243151	0.247440	0.284965	0.290493	0.291379	0.288194	0.285965	0.294425	0.282759	0.267123	0.255137	0.250853	0.252560	0.253425	0.250853	0.252560	0.252560	0.253425	0.249147	0.239726	0.252577	0.248288	0.254266	0.249147	0.250865	0.249135	0.256897	0.247440	0.247423	0.246552	0.250000	0.259386	0.235495
s_JBMPL503  	0.243289	0.220736	0.232323	0.239933	0.229097	0.236486	0.234899	0.221477	0.229592	0.217172	0.227119	0.235690	0.231544	0.234114	0.235495	0.238095	0.223154	0.061224	0.024055	0.127119	0.031034	0.000000	0.018644	0.225589	0.207071	0.219799	0.241611	0.231293	0.215719	0.222789	0.229866	0.226510	0.214047	0.223729	0.229097	0.237847	0.227273	0.250836	0.213087	0.221254	0.223636	0.234899	0.227273	0.233108	0.215328	0.229730	0.209732	0.220736	0.229866	0.236486	0.214765	0.225589	0.220736	0.222408	0.223154	0.216949	0.222034	0.236577	0.252508	0.237319	0.220539	0.213087	0.224490	0.223154	0.234899	0.234797	0.229537	0.224080	0.220539	0.228041	0.232441	0.243289	0.219799	0.224080	0.265306	0.272569	0.273810	0.270548	0.268966	0.279310	0.259322	0.248322	0.242424	0.238255	0.240803	0.239057	0.239130	0.240803	0.240803	0.240803	0.237458	0.228188	0.240741	0.236577	0.239933	0.238255	0.238176	0.238095	0.238255	0.235786	0.228956	0.224662	0.232203	0.234114	0.214047
s_JEMPC_P9  	0.240803	0.210963	0.227425	0.236667	0.224252	0.232323	0.230000	0.218333	0.227273	0.213087	0.225589	0.227425	0.225000	0.234219	0.233898	0.233108	0.220000	0.078498	0.030822	0.131313	0.037931	0.018644	0.000000	0.220736	0.202341	0.216667	0.235000	0.224662	0.210963	0.217905	0.220000	0.220000	0.210963	0.213805	0.220930	0.233564	0.219064	0.250000	0.205000	0.216263	0.218412	0.226667	0.225753	0.229866	0.208333	0.226510	0.205000	0.219269	0.220000	0.229866	0.210000	0.220736	0.210963	0.214286	0.220000	0.213805	0.211149	0.230000	0.247492	0.230216	0.217391	0.210000	0.218644	0.218333	0.220000	0.228956	0.233096	0.219269	0.215719	0.226510	0.234219	0.239130	0.213333	0.220930	0.249153	0.260345	0.261824	0.258503	0.259386	0.266212	0.245791	0.241667	0.240803	0.236667	0.239203	0.240803	0.237542	0.239203	0.239203	0.239203	0.235880	0.226667	0.239933	0.235786	0.238333	0.236667	0.237374	0.236486	0.240803	0.234219	0.220736	0.218855	0.227273	0.230897	0.209302
Chichi      	0.131148	0.073290	0.044262	0.106209	0.070033	0.090759	0.098039	0.098039	0.096026	0.074013	0.064570	0.081967	0.118033	0.101307	0.117550	0.087748	0.065359	0.239130	0.234589	0.228333	0.242268	0.225589	0.220736	0.000000	0.063934	0.057190	0.118033	0.064570	0.052117	0.064570	0.101307	0.062092	0.071661	0.069307	0.065147	0.069728	0.068852	0.089869	0.063725	0.045763	0.076512	0.135621	0.091803	0.092105	0.058511	0.087171	0.070261	0.073290	0.075163	0.129934	0.074919	0.072131	0.050489	0.068404	0.066993	0.067657	0.069536	0.073529	0.118033	0.075704	0.065574	0.065359	0.068106	0.068627	0.071895	0.127063	0.232517	0.081433	0.052459	0.067213	0.070033	0.065574	0.071895	0.048860	0.165000	0.152027	0.163907	0.168896	0.151515	0.167785	0.138614	0.114379	0.195082	0.194444	0.188925	0.190164	0.187296	0.188925	0.188925	0.186275	0.188925	0.186275	0.189145	0.188525	0.130719	0.189542	0.186469	0.190397	0.139803	0.185668	0.100000	0.075908	0.061056	0.089577	0.071661
Dajwani     	0.121311	0.060261	0.065574	0.112745	0.055375	0.097360	0.083333	0.100977	0.092715	0.064145	0.059603	0.076797	0.100000	0.099673	0.121262	0.087748	0.058824	0.231544	0.224315	0.230000	0.228522	0.207071	0.202341	0.063934	0.000000	0.052288	0.114754	0.059406	0.039088	0.056291	0.098039	0.053746	0.050489	0.061056	0.055375	0.056122	0.070492	0.094771	0.060458	0.037288	0.064057	0.129085	0.077049	0.080592	0.044326	0.082237	0.019544	0.053746	0.073529	0.127869	0.063725	0.068852	0.063518	0.070033	0.071895	0.047855	0.057947	0.065359	0.124590	0.070423	0.055738	0.063725	0.068106	0.055556	0.075163	0.117162	0.236014	0.081433	0.044262	0.057566	0.070033	0.058824	0.040850	0.045603	0.168333	0.162162	0.170530	0.180602	0.161616	0.177852	0.135314	0.102941	0.191803	0.191176	0.188925	0.190164	0.187296	0.188925	0.188925	0.186275	0.188925	0.186275	0.189145	0.188525	0.140523	0.189542	0.186469	0.190397	0.139803	0.185668	0.101639	0.057756	0.061056	0.084691	0.021173
Dedhi       	0.127451	0.060065	0.060458	0.114007	0.068182	0.097039	0.096091	0.110749	0.105611	0.066993	0.069079	0.066993	0.112745	0.102606	0.107616	0.080858	0.042208	0.240803	0.235495	0.230897	0.238014	0.219799	0.216667	0.057190	0.052288	0.000000	0.124183	0.057756	0.055195	0.046053	0.099349	0.053746	0.064935	0.057377	0.038961	0.062500	0.034314	0.074919	0.040717	0.037037	0.062057	0.128664	0.091503	0.080328	0.047535	0.078689	0.058632	0.053571	0.074919	0.129508	0.065147	0.055556	0.047078	0.034091	0.048860	0.052632	0.064145	0.070033	0.111111	0.054196	0.034314	0.057003	0.057756	0.065147	0.068404	0.120066	0.246528	0.071429	0.039216	0.067213	0.069805	0.062092	0.073290	0.056818	0.161130	0.154882	0.163366	0.176667	0.154362	0.170569	0.141447	0.118506	0.191176	0.190554	0.185065	0.186275	0.183442	0.185065	0.185065	0.182410	0.185065	0.182410	0.185246	0.184641	0.114007	0.185668	0.182566	0.186469	0.129508	0.181818	0.104575	0.059016	0.067213	0.084416	0.060065
eg16t_noor  	0.062295	0.122150	0.131148	0.078431	0.110749	0.100660	0.119281	0.111111	0.071192	0.113487	0.115894	0.131148	0.057190	0.127451	0.054817	0.100993	0.117647	0.256711	0.257679	0.257475	0.259450	0.241611	0.235000	0.118033	0.114754	0.124183	0.000000	0.135762	0.109121	0.120861	0.091503	0.119281	0.107492	0.135314	0.127036	0.113946	0.132787	0.137255	0.122549	0.113559	0.124555	0.053922	0.096721	0.098684	0.115248	0.110197	0.117647	0.133550	0.130719	0.081967	0.116013	0.121311	0.125407	0.131922	0.124183	0.122112	0.122517	0.130719	0.068852	0.128070	0.121311	0.109477	0.122924	0.125817	0.120915	0.061056	0.258741	0.083062	0.127869	0.118421	0.118893	0.131148	0.125817	0.117264	0.204319	0.189189	0.201987	0.206667	0.191275	0.208054	0.179868	0.055556	0.118033	0.117647	0.110749	0.111475	0.112378	0.114007	0.110749	0.114007	0.114007	0.111111	0.113487	0.113115	0.088235	0.114379	0.110561	0.114238	0.114754	0.110749	0.063934	0.123762	0.127063	0.133550	0.118893
Dibbas      	0.137417	0.069079	0.070957	0.107261	0.077303	0.106667	0.107261	0.115132	0.117057	0.078073	0.066890	0.074257	0.119205	0.115512	0.128763	0.096667	0.075908	0.252542	0.250865	0.245791	0.255208	0.231293	0.224662	0.064570	0.059406	0.057756	0.135762	0.000000	0.060855	0.073579	0.110561	0.055921	0.077303	0.049834	0.062500	0.058419	0.062706	0.097360	0.047855	0.052901	0.073477	0.148026	0.086093	0.089701	0.062724	0.097682	0.059211	0.060855	0.082508	0.145695	0.079208	0.080858	0.059211	0.062500	0.070957	0.060000	0.065217	0.061056	0.117550	0.068905	0.061258	0.079208	0.082215	0.069307	0.084158	0.131667	0.257951	0.082237	0.069307	0.076412	0.080592	0.067657	0.069079	0.069079	0.173401	0.167235	0.178930	0.187500	0.170068	0.181356	0.145695	0.113861	0.211921	0.212871	0.207237	0.208609	0.205592	0.207237	0.207237	0.206271	0.207237	0.204620	0.207641	0.206954	0.140264	0.207921	0.205000	0.209030	0.149502	0.203947	0.110927	0.058333	0.068106	0.098684	0.060855
Ebrahimi    	0.120521	0.050162	0.070033	0.108766	0.051780	0.090164	0.086039	0.097403	0.101974	0.040850	0.047697	0.079805	0.105863	0.097403	0.117162	0.087171	0.048701	0.236667	0.231293	0.226821	0.237201	0.215719	0.210963	0.052117	0.039088	0.055195	0.109121	0.060855	0.000000	0.049342	0.097403	0.056818	0.055016	0.047541	0.048544	0.052365	0.063518	0.077922	0.047078	0.045455	0.061837	0.128247	0.066775	0.080065	0.036972	0.094771	0.042208	0.063107	0.061688	0.120915	0.042208	0.052117	0.053398	0.063107	0.058442	0.047541	0.041118	0.069805	0.120521	0.066434	0.055375	0.047078	0.041254	0.045455	0.074675	0.106557	0.246528	0.077670	0.060261	0.050654	0.056634	0.048860	0.053571	0.029126	0.173841	0.164430	0.175987	0.176080	0.163880	0.180000	0.144262	0.105519	0.190554	0.189935	0.184466	0.185668	0.182848	0.184466	0.184466	0.181818	0.184466	0.181818	0.184641	0.184039	0.129870	0.185065	0.181967	0.185855	0.142157	0.181230	0.097720	0.054098	0.047541	0.093851	0.043689
Ewent_ayob  	0.129139	0.062500	0.067881	0.112211	0.046053	0.093333	0.099010	0.105611	0.107023	0.059603	0.050000	0.076159	0.105960	0.095710	0.109060	0.088629	0.009868	0.242373	0.236207	0.235690	0.241319	0.222789	0.217905	0.064570	0.056291	0.046053	0.120861	0.073579	0.049342	0.000000	0.100660	0.070957	0.062500	0.067881	0.041118	0.049658	0.054636	0.074257	0.050987	0.049488	0.070144	0.128713	0.086093	0.086379	0.049822	0.089701	0.049505	0.060855	0.066007	0.131229	0.049505	0.039604	0.062500	0.049342	0.059406	0.061667	0.043189	0.067657	0.115894	0.076241	0.064570	0.057566	0.041806	0.042763	0.066007	0.126667	0.244718	0.075658	0.056291	0.052980	0.059211	0.051325	0.061056	0.044408	0.161074	0.167797	0.168896	0.179054	0.158163	0.172881	0.143333	0.100329	0.193709	0.193069	0.187500	0.188742	0.185855	0.187500	0.187500	0.184818	0.187500	0.184818	0.187708	0.187086	0.118812	0.188119	0.185000	0.188963	0.136213	0.184211	0.104305	0.059801	0.051495	0.093750	0.047697
Fagous      	0.109477	0.108766	0.102941	0.100977	0.084416	0.103618	0.079805	0.105863	0.077558	0.104918	0.102310	0.116013	0.086601	0.112378	0.079470	0.089109	0.097720	0.242475	0.242321	0.235880	0.248288	0.229866	0.220000	0.101307	0.098039	0.099349	0.091503	0.110561	0.097403	0.100660	0.000000	0.104235	0.095779	0.106908	0.113636	0.103390	0.117647	0.102606	0.107492	0.108108	0.113475	0.102606	0.102941	0.091803	0.091873	0.080328	0.099349	0.107143	0.117264	0.080328	0.104235	0.112745	0.108766	0.113636	0.105863	0.110197	0.100660	0.107492	0.076797	0.098246	0.106209	0.105863	0.110927	0.100977	0.086319	0.088816	0.256098	0.084416	0.093137	0.109836	0.086039	0.114379	0.104235	0.110390	0.176080	0.178451	0.189769	0.191667	0.177852	0.188963	0.136513	0.097720	0.169935	0.169381	0.157468	0.158497	0.155844	0.157468	0.157468	0.157980	0.157468	0.154723	0.157377	0.156863	0.084691	0.157980	0.154605	0.158416	0.111475	0.154221	0.076797	0.097039	0.111842	0.068182	0.100649
Fard4       	0.119281	0.071429	0.066993	0.107492	0.063312	0.088816	0.087948	0.102273	0.103960	0.068852	0.072607	0.061889	0.111111	0.086319	0.114238	0.095710	0.066775	0.242475	0.242321	0.237542	0.246575	0.226510	0.220000	0.062092	0.053746	0.053746	0.119281	0.055921	0.056818	0.070957	0.104235	0.000000	0.069805	0.036184	0.050325	0.062712	0.062092	0.086319	0.052117	0.050676	0.056738	0.136808	0.084967	0.080328	0.053004	0.083607	0.063312	0.068182	0.089577	0.133987	0.068404	0.070261	0.055195	0.058442	0.057003	0.060855	0.052805	0.039088	0.116013	0.070175	0.053922	0.074919	0.071192	0.063518	0.079805	0.118421	0.252613	0.082792	0.062092	0.059016	0.071429	0.066775	0.065147	0.053571	0.174419	0.159933	0.173267	0.183333	0.162752	0.175585	0.141447	0.114007	0.199346	0.198697	0.193182	0.191176	0.191558	0.193182	0.193182	0.193811	0.193182	0.190554	0.191803	0.191176	0.125407	0.193811	0.189145	0.194719	0.136066	0.189935	0.102941	0.065789	0.072368	0.082792	0.064935
Faslee      	0.115635	0.059871	0.078176	0.118506	0.048544	0.101639	0.102273	0.107143	0.085526	0.060458	0.072368	0.089577	0.109121	0.108766	0.112211	0.092105	0.058442	0.231667	0.227891	0.226821	0.232082	0.214047	0.210963	0.071661	0.050489	0.064935	0.107492	0.077303	0.055016	0.062500	0.095779	0.069805	0.000000	0.075410	0.061489	0.076014	0.083062	0.100649	0.076299	0.055556	0.061837	0.125000	0.060261	0.081699	0.068662	0.088235	0.035714	0.066343	0.045455	0.122549	0.060065	0.058632	0.069579	0.082524	0.074675	0.065574	0.064145	0.079545	0.123779	0.076923	0.045603	0.043831	0.057756	0.061688	0.081169	0.116393	0.243056	0.074434	0.058632	0.078431	0.085761	0.068404	0.040584	0.051780	0.172185	0.161074	0.172697	0.174419	0.160535	0.176667	0.137705	0.118506	0.187296	0.186688	0.181230	0.179153	0.179612	0.181230	0.181230	0.178571	0.181230	0.178571	0.179739	0.179153	0.118506	0.181818	0.177049	0.182566	0.120915	0.177994	0.094463	0.072131	0.060656	0.097087	0.037217
Gajar       	0.128713	0.060656	0.075658	0.121711	0.067213	0.101329	0.092105	0.100329	0.116667	0.070957	0.069767	0.075908	0.110561	0.100329	0.125000	0.099668	0.067213	0.239865	0.237931	0.233221	0.242215	0.223729	0.213805	0.069307	0.061056	0.057377	0.135314	0.049834	0.047541	0.067881	0.106908	0.036184	0.075410	0.000000	0.054098	0.066553	0.062500	0.090461	0.055921	0.061017	0.057348	0.140984	0.089109	0.092715	0.048043	0.090759	0.067434	0.057377	0.075658	0.135762	0.070724	0.074013	0.059016	0.062295	0.070724	0.066445	0.058140	0.049342	0.115512	0.078947	0.061056	0.077049	0.068333	0.057566	0.077303	0.126246	0.252632	0.078689	0.067213	0.069536	0.081967	0.064356	0.072368	0.055738	0.176174	0.167797	0.176667	0.183502	0.164407	0.173986	0.144040	0.124590	0.204620	0.203947	0.201639	0.202970	0.200000	0.201639	0.201639	0.202303	0.201639	0.199013	0.201987	0.201320	0.138158	0.202303	0.199336	0.203333	0.150662	0.198361	0.105611	0.062914	0.075908	0.093443	0.068852
Halawy      	0.140065	0.053398	0.076547	0.121753	0.061489	0.109836	0.092532	0.123377	0.113487	0.060458	0.077303	0.076547	0.128664	0.107143	0.122112	0.093750	0.038961	0.248333	0.243197	0.236755	0.247440	0.229097	0.220930	0.065147	0.055375	0.038961	0.127036	0.062500	0.048544	0.041118	0.113636	0.050325	0.061489	0.054098	0.000000	0.065878	0.047231	0.081169	0.042208	0.047138	0.067138	0.141234	0.076547	0.089869	0.042254	0.091503	0.048701	0.069579	0.064935	0.142157	0.053571	0.040717	0.046926	0.040453	0.058442	0.070492	0.032895	0.056818	0.120521	0.075175	0.045603	0.056818	0.033003	0.047078	0.081169	0.132787	0.256944	0.074434	0.053746	0.063725	0.069579	0.052117	0.060065	0.032362	0.162252	0.157718	0.162829	0.172757	0.155518	0.170000	0.145902	0.121753	0.203583	0.202922	0.197411	0.198697	0.195793	0.197411	0.197411	0.194805	0.197411	0.194805	0.197712	0.197068	0.133117	0.198052	0.195082	0.199013	0.142157	0.194175	0.117264	0.070492	0.054098	0.087379	0.046926
Hamria      	0.119932	0.059122	0.074830	0.096610	0.070946	0.081911	0.093220	0.105085	0.099656	0.072881	0.032203	0.081356	0.102041	0.091216	0.118966	0.103093	0.054054	0.257840	0.253546	0.252595	0.261566	0.237847	0.233564	0.069728	0.056122	0.062500	0.113946	0.058419	0.052365	0.049658	0.103390	0.062712	0.076014	0.066553	0.065878	0.000000	0.068027	0.077703	0.054237	0.049123	0.065934	0.128814	0.086735	0.076792	0.056364	0.098976	0.057627	0.059122	0.091525	0.133106	0.074576	0.057823	0.060811	0.067568	0.069492	0.059932	0.061644	0.057627	0.111864	0.063869	0.066102	0.067797	0.073379	0.067797	0.086149	0.126712	0.250903	0.084459	0.078231	0.030612	0.059122	0.066327	0.069492	0.060811	0.177586	0.171329	0.180412	0.182292	0.167832	0.181185	0.154110	0.082770	0.200680	0.200000	0.194257	0.195578	0.192568	0.194257	0.194257	0.191525	0.194257	0.191525	0.194539	0.193878	0.132203	0.194915	0.191126	0.195876	0.141638	0.190878	0.103741	0.044369	0.059727	0.089527	0.059122
Hawawiri    	0.142623	0.058632	0.078431	0.127451	0.079805	0.115512	0.101307	0.119281	0.120861	0.059211	0.081126	0.052459	0.131148	0.117647	0.130795	0.105611	0.050654	0.241611	0.238014	0.233333	0.245704	0.227273	0.219064	0.068852	0.070492	0.034314	0.132787	0.062706	0.063518	0.054636	0.117647	0.062092	0.083062	0.062500	0.047231	0.068027	0.000000	0.084967	0.026144	0.050676	0.080071	0.143322	0.104918	0.095395	0.056738	0.109836	0.076797	0.081433	0.080065	0.141447	0.057190	0.053922	0.052117	0.006515	0.027687	0.046205	0.066225	0.068627	0.136066	0.077193	0.050654	0.062092	0.053156	0.071895	0.083333	0.123762	0.237762	0.086319	0.049020	0.065789	0.081433	0.063934	0.088235	0.058632	0.160000	0.160473	0.168874	0.170569	0.159933	0.176174	0.152961	0.127451	0.196721	0.196078	0.190554	0.191803	0.188925	0.190554	0.190554	0.187908	0.190554	0.187908	0.190789	0.190164	0.135621	0.191176	0.188119	0.192053	0.148026	0.187296	0.113115	0.057756	0.072368	0.100977	0.078176
Hayany      	0.157980	0.086039	0.076797	0.122150	0.081169	0.103279	0.086319	0.128664	0.120462	0.091803	0.089109	0.096405	0.138889	0.112378	0.120861	0.117162	0.071661	0.270903	0.267007	0.255814	0.273973	0.250836	0.250000	0.089869	0.094771	0.074919	0.137255	0.097360	0.077922	0.074257	0.102606	0.086319	0.100649	0.090461	0.081169	0.077703	0.084967	0.000000	0.070033	0.081081	0.090426	0.144951	0.098039	0.080328	0.063604	0.091803	0.091205	0.103896	0.100977	0.145902	0.084691	0.075163	0.082792	0.082792	0.076547	0.085526	0.085809	0.092834	0.112378	0.089474	0.083333	0.079805	0.085809	0.074919	0.100977	0.131579	0.277003	0.097403	0.096405	0.075410	0.040584	0.083333	0.102606	0.077922	0.185430	0.188552	0.198020	0.203333	0.184564	0.198997	0.162829	0.131922	0.214052	0.213355	0.207792	0.209150	0.206169	0.207792	0.207792	0.205212	0.207792	0.205212	0.208197	0.207516	0.146580	0.208469	0.205592	0.209571	0.165574	0.204545	0.120915	0.074013	0.080592	0.071429	0.089286
Helwa       	0.135621	0.050325	0.065359	0.107492	0.066558	0.098684	0.091205	0.112378	0.110561	0.059016	0.061056	0.062092	0.117647	0.107492	0.115894	0.092409	0.050489	0.235786	0.229592	0.229236	0.234589	0.213087	0.205000	0.063725	0.060458	0.040717	0.122549	0.047855	0.047078	0.050987	0.107492	0.052117	0.076299	0.055921	0.042208	0.054237	0.026144	0.070033	0.000000	0.047297	0.067376	0.127036	0.088235	0.078689	0.040493	0.096721	0.063518	0.068182	0.076547	0.131148	0.057003	0.050489	0.043831	0.021104	0.034202	0.037829	0.049342	0.060261	0.122549	0.063158	0.037582	0.055375	0.054636	0.060065	0.076547	0.108553	0.242160	0.073052	0.062092	0.055556	0.064935	0.057190	0.074919	0.053571	0.160596	0.151007	0.156766	0.168333	0.147651	0.167224	0.144737	0.117264	0.189542	0.188925	0.183442	0.184641	0.181818	0.183442	0.183442	0.180782	0.183442	0.180782	0.183607	0.183007	0.128664	0.184039	0.180921	0.184818	0.140984	0.180195	0.106209	0.052632	0.062500	0.089286	0.064935
Hilali      	0.113559	0.050505	0.048986	0.108108	0.063973	0.090136	0.096284	0.108108	0.102389	0.066102	0.052901	0.064407	0.110169	0.104730	0.114726	0.083333	0.048822	0.237024	0.235816	0.237931	0.239362	0.221254	0.216263	0.045763	0.037288	0.037037	0.113559	0.052901	0.045455	0.049488	0.108108	0.050676	0.055556	0.061017	0.047138	0.049123	0.050676	0.081081	0.047297	0.000000	0.065693	0.126263	0.086441	0.074830	0.047273	0.092905	0.047297	0.050505	0.067568	0.129252	0.064189	0.045608	0.037037	0.050505	0.055743	0.051195	0.058020	0.069257	0.125424	0.061151	0.049153	0.050676	0.061433	0.059122	0.069257	0.119454	0.241007	0.075758	0.054054	0.056122	0.063973	0.050847	0.062500	0.040404	0.163793	0.155052	0.164384	0.173010	0.154514	0.163194	0.144068	0.104377	0.189831	0.188552	0.183502	0.184746	0.181818	0.183502	0.183502	0.180743	0.183502	0.180743	0.183673	0.183051	0.126689	0.184122	0.180887	0.184932	0.136054	0.180135	0.089831	0.057823	0.048986	0.095960	0.047138
Hiri        	0.137011	0.063604	0.074733	0.113475	0.072438	0.087814	0.108156	0.132979	0.116906	0.071174	0.078571	0.085106	0.128114	0.114841	0.124549	0.093190	0.069149	0.246377	0.235185	0.241007	0.239852	0.223636	0.218412	0.076512	0.064057	0.062057	0.124555	0.073477	0.061837	0.070144	0.113475	0.056738	0.061837	0.057348	0.067138	0.065934	0.080071	0.090426	0.067376	0.065693	0.000000	0.145390	0.085409	0.092857	0.059846	0.101423	0.063830	0.058304	0.072695	0.142857	0.072695	0.083630	0.077739	0.079505	0.076241	0.067857	0.052158	0.074468	0.133452	0.068182	0.056738	0.056738	0.066787	0.072695	0.079505	0.130824	0.260456	0.084806	0.072954	0.078292	0.090106	0.074733	0.076241	0.061837	0.190217	0.175824	0.183453	0.192727	0.175824	0.189781	0.155357	0.129433	0.202847	0.201413	0.192580	0.190391	0.190813	0.192580	0.192580	0.191489	0.192580	0.189716	0.191071	0.190391	0.129433	0.193262	0.187500	0.192446	0.150000	0.189046	0.108541	0.077061	0.073214	0.098940	0.065371
