  105
Abel        	0.000000	0.136637	0.137879	0.100299	0.130240	0.103604	0.134036	0.093373	0.082831	0.143505	0.120061	0.140483	0.073574	0.119760	0.084356	0.092988	0.133234	0.246933	0.252351	0.239329	0.260937	0.256135	0.252322	0.143072	0.135952	0.144578	0.063063	0.157012	0.132931	0.138554	0.123494	0.151057	0.119760	0.160661	0.160180	0.131902	0.161094	0.157658	0.147416	0.131250	0.156250	0.085843	0.105105	0.124625	0.152104	0.118902	0.128399	0.132132	0.125000	0.081571	0.143505	0.124242	0.125749	0.159159	0.148649	0.140060	0.141566	0.167169	0.094595	0.134740	0.153614	0.124251	0.150456	0.147147	0.149701	0.071856	0.239130	0.115616	0.153614	0.125378	0.138554	0.132931	0.115964	0.148204	0.203030	0.198171	0.206061	0.194529	0.189970	0.202454	0.181818	0.061377	0.120846	0.119697	0.111782	0.113636	0.115152	0.110606	0.112952	0.113293	0.115964	0.115152	0.115152	0.116314	0.115616	0.112613	0.114907	0.111111	0.103030	0.110606	0.076577	0.132931	0.124242	0.140483	0.128012
Abouman     	0.136637	0.000000	0.088323	0.137574	0.099112	0.115269	0.093750	0.114583	0.139881	0.085075	0.094595	0.101493	0.132440	0.139053	0.121951	0.107576	0.068249	0.236364	0.246875	0.222892	0.257764	0.250760	0.246177	0.086310	0.091045	0.086310	0.135015	0.097892	0.067365	0.066964	0.111607	0.074850	0.073964	0.087537	0.072485	0.089939	0.076577	0.083333	0.069277	0.074074	0.061889	0.144776	0.103858	0.094955	0.065495	0.121988	0.098507	0.103858	0.046131	0.134731	0.082090	0.049401	0.051775	0.077151	0.075668	0.089286	0.081845	0.087798	0.145210	0.084936	0.066964	0.053254	0.061934	0.081602	0.107988	0.130564	0.256923	0.091988	0.117560	0.064371	0.077381	0.079104	0.108631	0.069527	0.189189	0.186747	0.191617	0.189189	0.178679	0.192424	0.152695	0.117211	0.203593	0.194611	0.195522	0.199102	0.197605	0.195522	0.192537	0.198507	0.201493	0.200599	0.198198	0.198198	0.151786	0.194940	0.196594	0.198171	0.172673	0.193694	0.133531	0.095522	0.068862	0.108955	0.099702
Ajwa        	0.137879	0.088323	0.000000	0.122388	0.088060	0.086103	0.097598	0.112613	0.121622	0.082831	0.084592	0.094880	0.108108	0.129851	0.111963	0.109422	0.073353	0.237003	0.244479	0.224924	0.258621	0.248466	0.245370	0.048048	0.075075	0.075075	0.119760	0.078788	0.067976	0.076347	0.112613	0.069277	0.068657	0.083582	0.080597	0.092308	0.076807	0.075075	0.066869	0.061920	0.072131	0.117117	0.094311	0.082335	0.075563	0.107251	0.076577	0.073134	0.072072	0.123867	0.088855	0.081081	0.071642	0.080838	0.077844	0.074850	0.090090	0.084084	0.120846	0.070513	0.066066	0.062687	0.089666	0.074850	0.089552	0.112275	0.242236	0.092814	0.068657	0.083082	0.088589	0.069069	0.076577	0.068657	0.190909	0.183891	0.190332	0.187879	0.180303	0.191131	0.149096	0.113772	0.182779	0.176737	0.174699	0.178248	0.179758	0.175227	0.174699	0.177711	0.180723	0.176737	0.174242	0.174242	0.136637	0.174174	0.170313	0.172840	0.151515	0.172727	0.115269	0.087349	0.077844	0.103293	0.078078
Alig        	0.100299	0.137574	0.122388	0.000000	0.115044	0.083582	0.135015	0.087537	0.071217	0.123512	0.101796	0.138393	0.080119	0.107670	0.109422	0.096677	0.124260	0.256798	0.264798	0.240240	0.275542	0.260606	0.260671	0.140950	0.125000	0.135015	0.079882	0.135135	0.117910	0.129080	0.118694	0.141791	0.116519	0.147929	0.150442	0.112462	0.137725	0.135015	0.135135	0.121538	0.139610	0.098214	0.093195	0.102071	0.141720	0.115616	0.120536	0.099112	0.133531	0.092537	0.125000	0.126866	0.131268	0.137574	0.127219	0.121662	0.111276	0.135015	0.095522	0.121406	0.142433	0.125369	0.135542	0.125740	0.120944	0.099112	0.243865	0.099112	0.139466	0.105970	0.123145	0.125000	0.115727	0.135693	0.193114	0.198198	0.204478	0.199102	0.193114	0.200906	0.176119	0.106509	0.161194	0.158209	0.162202	0.165672	0.167164	0.162687	0.162202	0.162202	0.165179	0.161194	0.160180	0.158683	0.123145	0.161721	0.158951	0.161585	0.107784	0.160180	0.102071	0.120536	0.129851	0.130952	0.121662
Amir_haj    	0.130240	0.099112	0.088060	0.115044	0.000000	0.071642	0.071217	0.099407	0.096439	0.062500	0.094311	0.087798	0.102374	0.119469	0.107903	0.119335	0.071006	0.252266	0.257009	0.232733	0.272446	0.262121	0.257622	0.102374	0.080357	0.083086	0.112426	0.099099	0.064179	0.072700	0.077151	0.094030	0.069322	0.085799	0.088496	0.098784	0.082335	0.086053	0.073574	0.072308	0.087662	0.126488	0.087278	0.091716	0.082803	0.100601	0.078869	0.072485	0.074184	0.114925	0.062500	0.074627	0.089971	0.084320	0.076923	0.071217	0.075668	0.083086	0.116418	0.084665	0.091988	0.075221	0.078313	0.066568	0.073746	0.116864	0.253067	0.081361	0.083086	0.082090	0.086053	0.050595	0.074184	0.082596	0.193114	0.201201	0.207463	0.202096	0.194611	0.205438	0.158209	0.115385	0.197015	0.191045	0.190476	0.192537	0.194030	0.191045	0.191964	0.193452	0.196429	0.192537	0.191617	0.190120	0.136499	0.191395	0.185185	0.190549	0.154192	0.187126	0.107988	0.069940	0.070149	0.090774	0.080119
Aseel       	0.103604	0.115269	0.086103	0.083582	0.071642	0.000000	0.106607	0.099099	0.097598	0.081325	0.101515	0.094880	0.093093	0.117910	0.105828	0.105183	0.092814	0.244648	0.248438	0.227964	0.260125	0.250765	0.248457	0.103604	0.109940	0.093093	0.094311	0.103343	0.088855	0.094595	0.118619	0.087613	0.104478	0.091317	0.102985	0.105828	0.092424	0.109281	0.084848	0.086957	0.091803	0.091867	0.086826	0.088323	0.098387	0.106383	0.109940	0.077844	0.105105	0.096677	0.087087	0.104230	0.104478	0.092814	0.086567	0.079580	0.082335	0.093093	0.105105	0.087379	0.094595	0.095522	0.109422	0.100299	0.089552	0.088323	0.239938	0.082335	0.106607	0.102719	0.105105	0.081325	0.104790	0.100000	0.190332	0.188450	0.193353	0.192424	0.181818	0.197248	0.160121	0.100299	0.167169	0.160121	0.158133	0.160121	0.161631	0.157100	0.159159	0.159639	0.162162	0.158610	0.158610	0.158610	0.116766	0.158683	0.156832	0.157407	0.137462	0.156061	0.094311	0.087349	0.093656	0.117117	0.113772
P1_rOPbAL1  	0.134036	0.093750	0.097598	0.135015	0.071217	0.106607	0.000000	0.104478	0.122388	0.092537	0.091592	0.116418	0.113433	0.112760	0.105183	0.126140	0.092262	0.250000	0.254688	0.234940	0.266355	0.256839	0.251534	0.107463	0.088323	0.095522	0.114583	0.108761	0.085329	0.092537	0.077612	0.097598	0.087537	0.093750	0.090504	0.108232	0.108434	0.095522	0.096677	0.086687	0.098039	0.122754	0.096726	0.110119	0.073718	0.090361	0.086826	0.083333	0.089552	0.118619	0.091317	0.093093	0.094955	0.110119	0.096726	0.101493	0.098507	0.104478	0.097598	0.107717	0.098214	0.090504	0.093939	0.086310	0.100890	0.111607	0.250000	0.098214	0.101493	0.091592	0.090774	0.082335	0.092537	0.090504	0.179217	0.191843	0.198198	0.189759	0.186747	0.200000	0.154655	0.117560	0.184685	0.178679	0.176647	0.180180	0.181682	0.177177	0.176647	0.179641	0.182635	0.181682	0.179217	0.180723	0.128358	0.176119	0.177019	0.179448	0.164157	0.176205	0.133929	0.109281	0.099099	0.088323	0.088060
CAP50bhOA1  	0.093373	0.114583	0.112613	0.087537	0.099407	0.099099	0.104478	0.000000	0.073134	0.128743	0.078313	0.122388	0.076119	0.094955	0.085627	0.080547	0.108631	0.229483	0.228840	0.209970	0.242991	0.233232	0.230061	0.113433	0.108955	0.122388	0.090774	0.131024	0.105105	0.110448	0.104478	0.131737	0.100890	0.138393	0.140950	0.103976	0.143072	0.117910	0.120846	0.111455	0.138889	0.100299	0.092262	0.080357	0.128205	0.083082	0.110119	0.089286	0.105655	0.083832	0.127246	0.114114	0.111276	0.139881	0.126488	0.117910	0.113433	0.129851	0.096096	0.120579	0.129851	0.109792	0.126888	0.113095	0.111276	0.080357	0.217593	0.077381	0.132836	0.094595	0.110448	0.117560	0.105970	0.123145	0.183735	0.194864	0.201201	0.188253	0.188253	0.199088	0.159159	0.092262	0.142643	0.133634	0.134731	0.138138	0.136637	0.133634	0.131737	0.137725	0.140719	0.142643	0.138554	0.137048	0.092537	0.134328	0.136646	0.138037	0.112952	0.132530	0.095238	0.121257	0.111111	0.116766	0.111607
Aziza       	0.082831	0.139881	0.121622	0.071217	0.096439	0.097598	0.122388	0.073134	0.000000	0.131737	0.106928	0.128743	0.071642	0.112760	0.090214	0.095745	0.122024	0.259878	0.260125	0.236446	0.273292	0.257622	0.262195	0.138806	0.106287	0.137313	0.071429	0.145015	0.109610	0.128358	0.104478	0.142643	0.103858	0.150298	0.146884	0.125382	0.147147	0.128358	0.132931	0.123839	0.141694	0.091317	0.087798	0.105655	0.131410	0.102719	0.110778	0.110119	0.120896	0.093093	0.134731	0.126126	0.139466	0.145833	0.139881	0.126866	0.135821	0.129464	0.103604	0.131833	0.144345	0.118694	0.124242	0.116071	0.129080	0.083333	0.246154	0.092262	0.129851	0.099099	0.116418	0.121257	0.098507	0.132047	0.194277	0.212991	0.219219	0.210843	0.209337	0.214286	0.172673	0.096726	0.154655	0.148649	0.148204	0.150150	0.148649	0.147147	0.148204	0.146707	0.149701	0.145646	0.143072	0.144578	0.114925	0.144776	0.144410	0.150307	0.111111	0.147590	0.081845	0.125749	0.120120	0.122754	0.107463
zr9q_az3aq  	0.143505	0.085075	0.082831	0.123512	0.062500	0.081325	0.092537	0.128743	0.131737	0.000000	0.096677	0.068862	0.118263	0.122024	0.125767	0.144817	0.076119	0.250000	0.253918	0.237879	0.267913	0.259146	0.254601	0.086826	0.093093	0.073353	0.120896	0.084848	0.057057	0.074850	0.109281	0.084337	0.081845	0.070149	0.069940	0.101227	0.054381	0.089820	0.055891	0.071429	0.066775	0.132132	0.097015	0.111940	0.072347	0.122727	0.087087	0.083582	0.065868	0.132530	0.007485	0.064759	0.074405	0.050746	0.038806	0.049401	0.073353	0.086826	0.140060	0.069132	0.080838	0.058036	0.056231	0.074627	0.092262	0.125373	0.252322	0.101493	0.085329	0.084337	0.083832	0.061562	0.085329	0.072917	0.206949	0.201515	0.207831	0.203927	0.197885	0.208841	0.170181	0.122388	0.201807	0.195783	0.195195	0.197289	0.198795	0.195783	0.195195	0.198198	0.201201	0.197289	0.194864	0.194864	0.161677	0.194611	0.193146	0.195385	0.173716	0.191843	0.116071	0.055389	0.066265	0.117117	0.088323
Barmel      	0.120061	0.094595	0.084592	0.101796	0.094311	0.101515	0.091592	0.078313	0.106928	0.096677	0.000000	0.102410	0.102102	0.079341	0.121166	0.092988	0.078078	0.232416	0.235016	0.226444	0.251572	0.239264	0.236842	0.106928	0.084592	0.105105	0.114114	0.099085	0.075758	0.073574	0.108434	0.102719	0.100299	0.105105	0.106287	0.026074	0.110606	0.102102	0.088415	0.071651	0.105611	0.123494	0.106607	0.100299	0.092233	0.109091	0.087613	0.061562	0.103916	0.113636	0.095166	0.081571	0.083832	0.105105	0.099099	0.087087	0.087349	0.108434	0.125758	0.088997	0.106607	0.089820	0.094801	0.097598	0.086826	0.118619	0.238318	0.109610	0.108108	0.046970	0.085329	0.090361	0.090361	0.101796	0.186930	0.185976	0.192424	0.188450	0.182371	0.195719	0.166667	0.094595	0.181269	0.175227	0.173716	0.176737	0.178248	0.174242	0.173716	0.176737	0.179758	0.178788	0.177812	0.176292	0.125000	0.173193	0.178125	0.175926	0.142857	0.171212	0.120120	0.093656	0.069486	0.101208	0.090361
Began       	0.140483	0.101493	0.094880	0.138393	0.087798	0.094880	0.116418	0.122388	0.128743	0.068862	0.102410	0.000000	0.119760	0.136905	0.133028	0.132622	0.082090	0.256839	0.261755	0.238671	0.270313	0.265244	0.258462	0.100299	0.100299	0.086826	0.126866	0.075529	0.076807	0.083832	0.121257	0.081081	0.092262	0.085075	0.087798	0.110092	0.067976	0.095808	0.068182	0.079193	0.081699	0.141141	0.110448	0.108955	0.091640	0.123867	0.089820	0.098507	0.085329	0.150150	0.067365	0.078313	0.086310	0.059701	0.059701	0.056886	0.082335	0.091317	0.131024	0.066129	0.097015	0.077381	0.083587	0.092537	0.087798	0.137313	0.263158	0.101493	0.083832	0.097892	0.100000	0.079341	0.097305	0.081845	0.202417	0.196970	0.204819	0.202417	0.193353	0.206687	0.161145	0.116418	0.209337	0.201807	0.201201	0.203313	0.204819	0.201807	0.202703	0.204204	0.207207	0.203313	0.200906	0.203927	0.157186	0.202096	0.196262	0.196923	0.169184	0.197885	0.116418	0.073353	0.081325	0.102102	0.095808
yser_hkloo  	0.073574	0.132440	0.108108	0.080119	0.102374	0.093093	0.113433	0.076119	0.071642	0.118263	0.102102	0.119760	0.000000	0.117211	0.074468	0.069697	0.109792	0.232523	0.241379	0.226586	0.249221	0.242378	0.240798	0.125373	0.100299	0.122388	0.052083	0.125378	0.103604	0.111940	0.104478	0.136228	0.100890	0.138393	0.139466	0.114329	0.134036	0.120536	0.119335	0.117647	0.132353	0.059524	0.080357	0.081602	0.120192	0.088855	0.104790	0.104167	0.104478	0.073353	0.121257	0.120120	0.118694	0.133929	0.123512	0.113433	0.114925	0.137313	0.080838	0.110932	0.134328	0.106825	0.133333	0.114583	0.105341	0.063798	0.236111	0.080357	0.119403	0.119760	0.114583	0.112275	0.086567	0.127596	0.189759	0.190332	0.196697	0.189759	0.183735	0.194529	0.163664	0.080119	0.122754	0.116766	0.115269	0.118263	0.119760	0.115616	0.116766	0.118263	0.121257	0.117117	0.115964	0.115616	0.085075	0.116418	0.114198	0.117378	0.102410	0.113772	0.069940	0.107784	0.126126	0.113772	0.102985
Biddajaj    	0.119760	0.139053	0.129851	0.107670	0.119469	0.117910	0.112760	0.094955	0.112760	0.122024	0.079341	0.136905	0.117211	0.000000	0.118541	0.122356	0.113905	0.249245	0.252336	0.241742	0.266254	0.251515	0.253049	0.130564	0.123512	0.130564	0.133136	0.141141	0.105970	0.112760	0.123145	0.125373	0.132743	0.134615	0.137168	0.091185	0.148204	0.121662	0.132132	0.109231	0.136364	0.135417	0.121302	0.115385	0.119427	0.121622	0.122024	0.103550	0.132047	0.111940	0.120536	0.125373	0.129794	0.144970	0.131657	0.127596	0.112760	0.137982	0.132836	0.138978	0.152819	0.126844	0.120482	0.121302	0.122419	0.124260	0.228528	0.128698	0.155786	0.095522	0.124629	0.117560	0.126113	0.122419	0.208084	0.213213	0.219403	0.211078	0.206587	0.217523	0.194030	0.134615	0.177612	0.171642	0.169643	0.173134	0.171642	0.170149	0.169643	0.169643	0.172619	0.171642	0.170659	0.169162	0.145401	0.166172	0.171296	0.172256	0.136228	0.167665	0.127219	0.130952	0.119403	0.138393	0.120178
uds_Raraqs  	0.084356	0.121951	0.111963	0.109422	0.107903	0.105828	0.105183	0.085627	0.090214	0.125767	0.121166	0.133028	0.074468	0.118541	0.000000	0.077399	0.110942	0.235294	0.241214	0.222222	0.248408	0.244548	0.240566	0.117378	0.115031	0.122324	0.076220	0.141975	0.108896	0.114679	0.077982	0.131902	0.103343	0.139818	0.142857	0.135514	0.140000	0.115854	0.126935	0.118671	0.138796	0.079027	0.099085	0.100304	0.113115	0.088957	0.121166	0.123476	0.103976	0.067485	0.125767	0.115031	0.112462	0.138720	0.129573	0.126911	0.131498	0.140673	0.073620	0.108553	0.137195	0.101824	0.130435	0.114329	0.129179	0.066869	0.230284	0.096037	0.125000	0.123853	0.112462	0.118098	0.107034	0.124620	0.194444	0.197531	0.203077	0.195385	0.189231	0.204334	0.174847	0.098784	0.124233	0.121166	0.113497	0.116564	0.118098	0.113846	0.113497	0.116564	0.119266	0.118462	0.115741	0.116564	0.085627	0.113150	0.113565	0.114062	0.107692	0.111963	0.077744	0.119632	0.122699	0.115031	0.122324
BouslKhine  	0.092988	0.107576	0.109422	0.096677	0.119335	0.105183	0.126140	0.080547	0.095745	0.144817	0.092988	0.132622	0.069697	0.122356	0.077399	0.000000	0.111782	0.233746	0.242038	0.221538	0.248418	0.246894	0.237500	0.127660	0.108232	0.122727	0.092424	0.138037	0.105183	0.116667	0.100304	0.133739	0.105740	0.146526	0.141994	0.105263	0.138720	0.121581	0.127301	0.109718	0.141196	0.100000	0.096970	0.080303	0.125407	0.085890	0.109756	0.112121	0.109422	0.080793	0.138720	0.106383	0.101208	0.137879	0.128788	0.124242	0.121581	0.136778	0.100304	0.115260	0.124620	0.113293	0.131173	0.124242	0.105740	0.072508	0.237421	0.077273	0.128399	0.111280	0.112462	0.124620	0.101824	0.128399	0.193252	0.195385	0.201835	0.194785	0.190184	0.199690	0.166159	0.108761	0.153963	0.149847	0.138720	0.140673	0.142202	0.137615	0.141337	0.140244	0.143293	0.142202	0.142202	0.143731	0.092424	0.140909	0.141066	0.138199	0.122324	0.137615	0.089394	0.131098	0.121212	0.112805	0.110942
Braim       	0.133234	0.068249	0.073353	0.124260	0.071006	0.092814	0.092262	0.108631	0.122024	0.076119	0.078078	0.082090	0.109792	0.113905	0.110942	0.111782	0.000000	0.242424	0.248438	0.222892	0.262422	0.252280	0.249235	0.083333	0.073134	0.050595	0.126113	0.085843	0.047904	0.007440	0.104167	0.070149	0.068047	0.077151	0.053254	0.065549	0.066066	0.075893	0.052711	0.069444	0.073290	0.130952	0.094955	0.087537	0.060703	0.106928	0.062687	0.074184	0.065476	0.129851	0.074627	0.050898	0.069527	0.063798	0.062315	0.068452	0.055060	0.080357	0.131343	0.078526	0.065476	0.063609	0.051360	0.051929	0.078402	0.125740	0.250769	0.080119	0.084821	0.056716	0.069940	0.056716	0.077381	0.053254	0.190691	0.186747	0.193114	0.190691	0.180180	0.196970	0.146707	0.106509	0.199102	0.193114	0.191045	0.194611	0.196108	0.193114	0.191045	0.194030	0.197015	0.193114	0.192192	0.191617	0.139881	0.190476	0.189815	0.193598	0.154655	0.190120	0.114243	0.067164	0.067365	0.097015	0.063988
XsRs_93115  	0.246933	0.236364	0.237003	0.256798	0.252266	0.244648	0.250000	0.229483	0.259878	0.250000	0.232416	0.256839	0.232523	0.249245	0.235294	0.233746	0.242424	0.000000	0.034483	0.082822	0.037383	0.041284	0.057453	0.245455	0.236280	0.250760	0.239394	0.249231	0.238532	0.241641	0.237082	0.247706	0.238671	0.257576	0.256798	0.254658	0.253067	0.250760	0.236923	0.225552	0.241667	0.236280	0.237879	0.237879	0.240196	0.236196	0.242378	0.248485	0.234043	0.232416	0.242378	0.238532	0.226586	0.254545	0.251515	0.243161	0.235562	0.256839	0.259939	0.237705	0.253030	0.235650	0.251543	0.254545	0.246224	0.225758	0.259375	0.242424	0.262918	0.243902	0.253030	0.250000	0.241641	0.255287	0.250000	0.255385	0.258410	0.243865	0.246933	0.259259	0.259939	0.248485	0.235474	0.225610	0.220365	0.224085	0.222561	0.221037	0.220365	0.223404	0.227134	0.222561	0.225460	0.224771	0.224924	0.223404	0.229560	0.226708	0.232416	0.220859	0.230303	0.246951	0.240061	0.251524	0.243161
nsfs_9311w  	0.252351	0.246875	0.244479	0.264798	0.257009	0.248438	0.254688	0.228840	0.260125	0.253918	0.235016	0.261755	0.241379	0.252336	0.241214	0.242038	0.248438	0.034483	0.000000	0.101562	0.007911	0.020313	0.026730	0.247649	0.238994	0.255486	0.245312	0.257911	0.242947	0.248438	0.242947	0.255521	0.244548	0.264062	0.267913	0.261981	0.261830	0.256250	0.245283	0.231270	0.246599	0.246855	0.246875	0.245312	0.252525	0.243671	0.245283	0.251563	0.241379	0.238170	0.246855	0.246855	0.235202	0.265625	0.256250	0.249216	0.240625	0.267188	0.269592	0.244932	0.260125	0.242991	0.259494	0.263240	0.249221	0.231250	0.255591	0.246106	0.271160	0.250000	0.259375	0.254717	0.246082	0.263240	0.257862	0.270570	0.269716	0.263407	0.262658	0.273885	0.264984	0.256250	0.235849	0.224843	0.221003	0.221698	0.218553	0.218553	0.220312	0.219436	0.222571	0.218553	0.223975	0.223270	0.232813	0.221875	0.231392	0.228296	0.239812	0.221519	0.236760	0.253145	0.246057	0.257862	0.246082
nsiY_93J21  	0.239329	0.222892	0.224924	0.240240	0.232733	0.227964	0.234940	0.209970	0.236446	0.237879	0.226444	0.238671	0.226586	0.241742	0.222222	0.221538	0.222892	0.082822	0.101562	0.000000	0.109034	0.116923	0.119632	0.229607	0.231818	0.237160	0.225904	0.238532	0.220365	0.222054	0.223565	0.241641	0.222222	0.243976	0.246246	0.246914	0.238602	0.228097	0.223242	0.225705	0.225329	0.221212	0.227410	0.218373	0.230519	0.225610	0.234848	0.231928	0.219033	0.223404	0.230303	0.220365	0.211712	0.236446	0.228916	0.229607	0.223565	0.234940	0.244681	0.226384	0.237237	0.220721	0.232416	0.228916	0.228228	0.209337	0.243789	0.213855	0.246224	0.221884	0.236446	0.237879	0.231118	0.243243	0.236280	0.250765	0.253799	0.234756	0.242378	0.251534	0.235562	0.234940	0.232523	0.224924	0.221212	0.223404	0.218845	0.220365	0.219697	0.218182	0.221212	0.217325	0.219512	0.219512	0.203927	0.219033	0.226415	0.226708	0.227964	0.221037	0.212349	0.233333	0.226444	0.233333	0.232628
enses_DP6b  	0.260937	0.257764	0.258621	0.275542	0.272446	0.260125	0.266355	0.242991	0.273292	0.267913	0.251572	0.270313	0.249221	0.266254	0.248408	0.248418	0.262422	0.037383	0.007911	0.109034	0.000000	0.026562	0.036050	0.261682	0.254688	0.269470	0.257764	0.269716	0.257812	0.260125	0.250779	0.266458	0.258514	0.274845	0.278638	0.274760	0.274295	0.267913	0.257053	0.246774	0.258446	0.254688	0.259317	0.256211	0.259197	0.250789	0.260937	0.267081	0.253894	0.246082	0.259375	0.258621	0.247678	0.276398	0.270186	0.263240	0.253894	0.277950	0.276562	0.256711	0.271739	0.255418	0.268139	0.274845	0.264706	0.242236	0.260252	0.259317	0.283489	0.266458	0.272586	0.268750	0.258567	0.275542	0.261006	0.273585	0.271875	0.268025	0.264890	0.275316	0.275000	0.263975	0.239063	0.231250	0.225857	0.226562	0.225000	0.223438	0.225155	0.224299	0.227414	0.223438	0.228125	0.228125	0.239130	0.228261	0.234824	0.230159	0.253894	0.226415	0.247678	0.267913	0.258621	0.264062	0.263240
s_JBMPL503  	0.256135	0.250760	0.248466	0.260606	0.262121	0.250765	0.256839	0.233232	0.257622	0.259146	0.239264	0.265244	0.242378	0.251515	0.244548	0.246894	0.252280	0.041284	0.020313	0.116923	0.026562	0.000000	0.023220	0.256098	0.243119	0.259146	0.244681	0.254630	0.246933	0.250000	0.246951	0.257669	0.250000	0.265957	0.269697	0.265528	0.264615	0.255319	0.247692	0.235759	0.255000	0.247706	0.243161	0.246201	0.254098	0.243077	0.252294	0.253799	0.246951	0.239264	0.253823	0.250000	0.240909	0.267477	0.261398	0.253049	0.242378	0.265244	0.264526	0.252459	0.262918	0.246970	0.260802	0.261398	0.256061	0.235562	0.265723	0.249240	0.274390	0.250000	0.256839	0.259939	0.251524	0.266667	0.254601	0.263889	0.263804	0.256923	0.258462	0.266254	0.263804	0.255319	0.233129	0.223242	0.221037	0.221713	0.217125	0.218654	0.217988	0.217988	0.221713	0.218654	0.220000	0.219325	0.230183	0.217988	0.229430	0.229687	0.239264	0.221538	0.239394	0.254573	0.250000	0.258410	0.250000
s_JEMPC_P9  	0.252322	0.246177	0.245370	0.260671	0.257622	0.248457	0.251534	0.230061	0.262195	0.254601	0.236842	0.258462	0.240798	0.253049	0.240566	0.237500	0.249235	0.057453	0.026730	0.119632	0.036050	0.023220	0.000000	0.251534	0.240000	0.256135	0.241590	0.253106	0.242284	0.246933	0.242331	0.253086	0.245427	0.261468	0.266768	0.257862	0.262346	0.253067	0.244582	0.232484	0.255000	0.247692	0.241590	0.240061	0.248355	0.239130	0.247692	0.250765	0.242331	0.239198	0.247692	0.245370	0.234756	0.264526	0.256881	0.250000	0.236196	0.262997	0.265432	0.247525	0.258410	0.243902	0.256211	0.258410	0.250000	0.230887	0.267296	0.244648	0.269939	0.250000	0.257669	0.255385	0.245399	0.263720	0.250774	0.254658	0.254630	0.246130	0.259259	0.255452	0.260802	0.250765	0.234568	0.226852	0.223077	0.225309	0.220679	0.222222	0.221538	0.220000	0.223077	0.220679	0.219814	0.221362	0.234663	0.220859	0.228435	0.230284	0.243827	0.221362	0.237805	0.250769	0.245370	0.253846	0.245399
Chichi      	0.143072	0.086310	0.048048	0.140950	0.102374	0.103604	0.107463	0.113433	0.138806	0.086826	0.106928	0.100299	0.125373	0.130564	0.117378	0.127660	0.083333	0.245455	0.247649	0.229607	0.261682	0.256098	0.251534	0.000000	0.100299	0.083582	0.127976	0.092145	0.073574	0.083582	0.120896	0.078078	0.087537	0.087798	0.089021	0.114679	0.087349	0.082090	0.078550	0.074303	0.086319	0.131737	0.114583	0.105655	0.067093	0.110272	0.103293	0.095238	0.068657	0.129129	0.088060	0.085586	0.068249	0.090774	0.078869	0.085075	0.098507	0.092537	0.130631	0.078778	0.080597	0.069733	0.087879	0.069940	0.105341	0.122024	0.253086	0.099702	0.092537	0.095522	0.098507	0.080838	0.098507	0.065282	0.200301	0.196375	0.202703	0.197289	0.189759	0.200608	0.157658	0.133929	0.193694	0.187688	0.185629	0.189189	0.190691	0.186186	0.185629	0.188623	0.191617	0.187126	0.185241	0.185241	0.155224	0.185075	0.183230	0.184049	0.174699	0.183735	0.125000	0.104790	0.093093	0.110778	0.104478
Dajwani     	0.135952	0.091045	0.075075	0.125000	0.080357	0.109940	0.088323	0.108955	0.106287	0.093093	0.084592	0.100299	0.100299	0.123512	0.115031	0.108232	0.073134	0.236280	0.238994	0.231818	0.254688	0.243119	0.240000	0.100299	0.000000	0.076347	0.113433	0.087613	0.052711	0.073353	0.100299	0.081081	0.059524	0.095522	0.083333	0.085890	0.093656	0.094311	0.078788	0.066770	0.088525	0.130631	0.073134	0.101493	0.061093	0.098187	0.022388	0.061012	0.085329	0.120120	0.097598	0.085843	0.087798	0.097015	0.094030	0.067365	0.071856	0.098802	0.128012	0.096774	0.092814	0.078869	0.092705	0.079104	0.089286	0.116418	0.250774	0.094030	0.067365	0.078313	0.082335	0.083832	0.052395	0.065476	0.187311	0.190909	0.197289	0.196375	0.187311	0.201220	0.155120	0.108955	0.183735	0.177711	0.175676	0.179217	0.180723	0.176205	0.177177	0.178679	0.181682	0.177711	0.176737	0.176737	0.137725	0.176647	0.174455	0.180000	0.155589	0.175227	0.113433	0.096096	0.088589	0.103293	0.020958
Dedhi       	0.144578	0.086310	0.075075	0.135015	0.083086	0.093093	0.095522	0.122388	0.137313	0.073353	0.105105	0.086826	0.122388	0.130564	0.122324	0.122727	0.050595	0.250760	0.255486	0.237160	0.269470	0.259146	0.256135	0.083582	0.076347	0.000000	0.138393	0.067976	0.067568	0.055224	0.104478	0.064565	0.089021	0.065476	0.047478	0.096330	0.049699	0.083582	0.042296	0.067901	0.070261	0.140719	0.110119	0.104167	0.065705	0.108761	0.077844	0.081845	0.085075	0.138138	0.073353	0.062874	0.060831	0.050595	0.052083	0.058209	0.079104	0.089552	0.130631	0.073718	0.050746	0.072700	0.072727	0.081845	0.081602	0.130952	0.257716	0.090774	0.077612	0.085586	0.088060	0.062874	0.097015	0.078635	0.188253	0.193353	0.199700	0.201807	0.186747	0.203647	0.153153	0.129464	0.207207	0.201201	0.200599	0.202703	0.204204	0.201201	0.200599	0.203593	0.206587	0.202703	0.201807	0.200301	0.149254	0.200000	0.195652	0.199387	0.179217	0.197289	0.123512	0.067365	0.082583	0.103293	0.077612
eg16t_noor  	0.063063	0.135015	0.119760	0.079882	0.112426	0.094311	0.114583	0.090774	0.071429	0.120896	0.114114	0.126866	0.052083	0.133136	0.076220	0.092424	0.126113	0.239394	0.245312	0.225904	0.257764	0.244681	0.241590	0.127976	0.113433	0.138393	0.000000	0.138554	0.107784	0.132440	0.107143	0.137725	0.105030	0.148368	0.147929	0.129573	0.139640	0.126488	0.126506	0.115741	0.135179	0.061194	0.081602	0.099407	0.129393	0.084337	0.120896	0.120178	0.113095	0.071642	0.126866	0.127246	0.116864	0.137982	0.129080	0.120536	0.125000	0.139881	0.070359	0.123003	0.139881	0.099112	0.134441	0.126113	0.130178	0.053412	0.240000	0.087537	0.133929	0.124251	0.114583	0.128358	0.108631	0.130178	0.186186	0.179217	0.187126	0.181682	0.175676	0.186364	0.166168	0.069733	0.127246	0.121257	0.125373	0.128743	0.130240	0.125749	0.126866	0.128358	0.131343	0.127246	0.126126	0.126126	0.092262	0.126488	0.126935	0.128440	0.115616	0.124625	0.069733	0.131343	0.127246	0.120896	0.120536
Dibbas      	0.157012	0.097892	0.078788	0.135135	0.099099	0.103343	0.108761	0.131024	0.145015	0.084848	0.099085	0.075529	0.125378	0.141141	0.141975	0.138037	0.085843	0.249231	0.257911	0.238532	0.269716	0.254630	0.253106	0.092145	0.087613	0.067976	0.138554	0.000000	0.075758	0.087613	0.119335	0.062121	0.094595	0.054054	0.073574	0.099071	0.063830	0.093656	0.053517	0.073438	0.074503	0.140483	0.094880	0.102410	0.080906	0.114329	0.092145	0.076807	0.093656	0.143939	0.086364	0.086364	0.088589	0.064759	0.075301	0.064955	0.077039	0.078550	0.132219	0.079288	0.069486	0.088589	0.087156	0.091867	0.082583	0.137048	0.264798	0.114114	0.084337	0.098784	0.099698	0.075529	0.094880	0.090090	0.199695	0.195719	0.202128	0.205167	0.193598	0.204615	0.156061	0.129518	0.209726	0.205167	0.204545	0.206687	0.206687	0.205167	0.204545	0.206061	0.209091	0.205167	0.201220	0.202744	0.152568	0.202417	0.198113	0.201863	0.170732	0.201220	0.128012	0.078788	0.092424	0.112121	0.093656
Ebrahimi    	0.132931	0.067365	0.067976	0.117910	0.064179	0.088855	0.085329	0.105105	0.109610	0.057057	0.075758	0.076807	0.103604	0.105970	0.108896	0.105183	0.047904	0.238532	0.242947	0.220365	0.257812	0.246933	0.242284	0.073574	0.052711	0.067568	0.107784	0.075758	0.000000	0.049550	0.091592	0.070997	0.062687	0.073353	0.067164	0.078462	0.065152	0.070571	0.050000	0.052960	0.064145	0.125000	0.079341	0.088323	0.041935	0.103343	0.055723	0.068862	0.060060	0.117825	0.052711	0.052870	0.059701	0.062874	0.056886	0.039039	0.052553	0.082583	0.131024	0.082524	0.070571	0.040299	0.045593	0.055389	0.079104	0.110778	0.241486	0.082090	0.072072	0.061934	0.066066	0.058735	0.066066	0.043284	0.186364	0.191489	0.197885	0.190332	0.187879	0.195719	0.154079	0.109281	0.189759	0.182779	0.180723	0.182779	0.182779	0.179758	0.181682	0.180723	0.183735	0.179758	0.181269	0.180303	0.140719	0.179641	0.180685	0.182099	0.161631	0.178788	0.107784	0.081325	0.063444	0.105422	0.058559
Ewent_ayob  	0.138554	0.066964	0.076347	0.129080	0.072700	0.094595	0.092537	0.110448	0.128358	0.074850	0.073574	0.083832	0.111940	0.112760	0.114679	0.116667	0.007440	0.241641	0.248438	0.222054	0.260125	0.250000	0.246933	0.083582	0.073353	0.055224	0.132440	0.087613	0.049550	0.000000	0.108955	0.074850	0.074184	0.075893	0.053412	0.064220	0.067568	0.080597	0.054217	0.074074	0.071895	0.136228	0.101190	0.092262	0.063898	0.113293	0.065868	0.074405	0.067164	0.132132	0.073353	0.055224	0.075668	0.066964	0.063988	0.068452	0.056548	0.083582	0.136637	0.078526	0.067164	0.068249	0.050000	0.056380	0.078635	0.127976	0.253086	0.086310	0.087798	0.059880	0.071642	0.055224	0.079104	0.057864	0.198198	0.194277	0.198198	0.195783	0.185241	0.202128	0.154655	0.111607	0.202703	0.196697	0.194611	0.198198	0.199700	0.195195	0.194611	0.197605	0.200599	0.196697	0.195783	0.194277	0.140299	0.194030	0.192547	0.194785	0.164157	0.192771	0.116071	0.068862	0.062874	0.100299	0.067164
Fagous      	0.123494	0.111607	0.112613	0.118694	0.077151	0.118619	0.077612	0.104478	0.104478	0.109281	0.108434	0.121257	0.104478	0.123145	0.077982	0.100304	0.104167	0.237082	0.242947	0.223565	0.250779	0.246951	0.242331	0.120896	0.100299	0.104478	0.107143	0.119335	0.091592	0.108955	0.000000	0.124625	0.084570	0.129464	0.127596	0.121951	0.123123	0.092537	0.113293	0.109907	0.124183	0.119760	0.104167	0.114583	0.102564	0.079819	0.103293	0.111607	0.095522	0.082335	0.106287	0.102102	0.099407	0.122024	0.110119	0.110448	0.116418	0.129464	0.096096	0.112540	0.113433	0.090504	0.113636	0.102679	0.090504	0.104167	0.253846	0.111607	0.107463	0.112613	0.095522	0.107784	0.094030	0.117211	0.182229	0.203313	0.209581	0.198198	0.196697	0.206061	0.160661	0.119048	0.178679	0.175676	0.170659	0.174174	0.178679	0.174174	0.175150	0.176647	0.176647	0.178679	0.173193	0.176205	0.119403	0.171642	0.174923	0.174847	0.144578	0.171687	0.107143	0.118263	0.114114	0.074850	0.102985
Fard4       	0.151057	0.074850	0.069277	0.141791	0.094030	0.087613	0.097598	0.131737	0.142643	0.084337	0.102719	0.081081	0.136228	0.125373	0.131902	0.133739	0.070149	0.247706	0.255521	0.241641	0.266458	0.257669	0.253086	0.078078	0.081081	0.064565	0.137725	0.062121	0.070997	0.074850	0.124625	0.000000	0.088060	0.037425	0.049254	0.095385	0.077039	0.079580	0.066869	0.069876	0.060855	0.142643	0.097015	0.089820	0.062903	0.113982	0.085586	0.076347	0.079580	0.145646	0.087349	0.081325	0.077612	0.076347	0.077844	0.079341	0.067568	0.052553	0.134036	0.087097	0.061562	0.080597	0.080793	0.076347	0.092537	0.134328	0.270186	0.100299	0.092814	0.078313	0.090090	0.064371	0.096096	0.059701	0.203030	0.197568	0.205438	0.207576	0.196970	0.211009	0.155589	0.126866	0.214502	0.208459	0.206325	0.209970	0.211480	0.206949	0.206325	0.209337	0.212349	0.208459	0.204545	0.206949	0.157658	0.205706	0.202492	0.206154	0.175758	0.205438	0.131737	0.082831	0.078313	0.100904	0.088589
Faslee      	0.119760	0.073964	0.068657	0.116519	0.069322	0.104478	0.087537	0.100890	0.103858	0.081845	0.100299	0.092262	0.100890	0.132743	0.103343	0.105740	0.068047	0.238671	0.244548	0.222222	0.258514	0.250000	0.245427	0.087537	0.059524	0.089021	0.105030	0.094595	0.062687	0.074184	0.084570	0.088060	0.000000	0.102071	0.089971	0.106383	0.085329	0.086053	0.079580	0.083077	0.071429	0.113095	0.065089	0.085799	0.084395	0.099099	0.044643	0.082840	0.040059	0.107463	0.083333	0.068657	0.085546	0.088757	0.079882	0.078635	0.078635	0.097923	0.122388	0.087859	0.066766	0.050147	0.069277	0.082840	0.087021	0.110947	0.250000	0.079882	0.075668	0.083582	0.083086	0.081845	0.059347	0.069322	0.184132	0.187688	0.194030	0.187126	0.184132	0.191843	0.132836	0.103550	0.183582	0.177612	0.175595	0.179104	0.180597	0.176119	0.175595	0.178571	0.181548	0.177612	0.175150	0.176647	0.133531	0.175074	0.171296	0.175305	0.142216	0.175150	0.112426	0.104167	0.083582	0.096726	0.047478
Gajar       	0.160661	0.087537	0.083582	0.147929	0.085799	0.091317	0.093750	0.138393	0.150298	0.070149	0.105105	0.085075	0.138393	0.134615	0.139818	0.146526	0.077151	0.257576	0.264062	0.243976	0.274845	0.265957	0.261468	0.087798	0.095522	0.065476	0.148368	0.054054	0.073353	0.075893	0.129464	0.037425	0.102071	0.000000	0.050296	0.097561	0.065868	0.086310	0.061747	0.078462	0.058632	0.147321	0.105341	0.103858	0.065495	0.121622	0.097015	0.075668	0.083333	0.151198	0.073134	0.082090	0.087278	0.069733	0.072700	0.074405	0.068452	0.053571	0.137725	0.083067	0.068452	0.084320	0.074018	0.081602	0.091716	0.140950	0.267692	0.108309	0.089021	0.088323	0.095238	0.059701	0.099702	0.071006	0.205706	0.206325	0.212575	0.211712	0.202703	0.213636	0.165672	0.136499	0.217066	0.211078	0.210448	0.212575	0.214072	0.211078	0.210448	0.213433	0.216418	0.212575	0.208709	0.210210	0.162202	0.209821	0.204334	0.207951	0.174174	0.207207	0.132047	0.080597	0.082090	0.100000	0.099702
Halawy      	0.160180	0.072485	0.080597	0.150442	0.088496	0.102985	0.090504	0.140950	0.146884	0.069940	0.106287	0.087798	0.139466	0.137168	0.142857	0.141994	0.053254	0.256798	0.267913	0.246246	0.278638	0.269697	0.266768	0.089021	0.083333	0.047478	0.147929	0.073574	0.067164	0.053412	0.127596	0.049254	0.089971	0.050296	0.000000	0.097264	0.053892	0.093472	0.045045	0.080000	0.061688	0.151786	0.102071	0.110947	0.055732	0.132132	0.081845	0.087278	0.071217	0.159701	0.069940	0.062687	0.075221	0.053254	0.063609	0.072700	0.057864	0.062315	0.149254	0.089457	0.041543	0.075221	0.046687	0.068047	0.097345	0.152367	0.268405	0.099112	0.089021	0.076119	0.087537	0.056548	0.096439	0.053097	0.203593	0.199700	0.204478	0.205090	0.194611	0.208459	0.165672	0.136095	0.223881	0.217910	0.215774	0.219403	0.220896	0.216418	0.215774	0.218750	0.221726	0.217910	0.215569	0.215569	0.164688	0.215134	0.211420	0.214939	0.185629	0.214072	0.143491	0.086310	0.079104	0.105655	0.084570
Hamria      	0.131902	0.089939	0.092308	0.112462	0.098784	0.105828	0.108232	0.103976	0.125382	0.101227	0.026074	0.110092	0.114329	0.091185	0.135514	0.105263	0.065549	0.254658	0.261981	0.246914	0.274760	0.265528	0.257862	0.114679	0.085890	0.096330	0.129573	0.099071	0.078462	0.064220	0.121951	0.095385	0.106383	0.097561	0.097264	0.000000	0.098462	0.103343	0.083591	0.071429	0.100334	0.136086	0.111280	0.104863	0.086885	0.124233	0.088957	0.073171	0.113150	0.128834	0.104294	0.076923	0.089666	0.096037	0.096037	0.085627	0.087156	0.096037	0.142638	0.095395	0.099085	0.094225	0.091049	0.097561	0.094225	0.134146	0.261830	0.120427	0.107034	0.053846	0.083587	0.092025	0.097859	0.088146	0.201538	0.194444	0.200920	0.199387	0.192308	0.202786	0.172308	0.096037	0.197853	0.191718	0.190184	0.193252	0.194785	0.190769	0.190184	0.193252	0.196319	0.195385	0.194444	0.192901	0.140673	0.189602	0.194006	0.192188	0.162037	0.187692	0.129573	0.087423	0.073620	0.113497	0.091743
Hawawiri    	0.161094	0.076577	0.076807	0.137725	0.082335	0.092424	0.108434	0.143072	0.147147	0.054381	0.110606	0.067976	0.134036	0.148204	0.140000	0.138720	0.066066	0.253067	0.261830	0.238602	0.274295	0.264615	0.262346	0.087349	0.093656	0.049699	0.139640	0.063830	0.065152	0.067568	0.123123	0.077039	0.085329	0.065868	0.053892	0.098462	0.000000	0.093373	0.021341	0.074534	0.050820	0.146084	0.112613	0.114114	0.063107	0.131818	0.092145	0.090090	0.079819	0.149547	0.058912	0.052711	0.070359	0.010511	0.028529	0.040541	0.069277	0.070359	0.143939	0.067742	0.055556	0.064371	0.056575	0.088589	0.088323	0.141141	0.261610	0.094595	0.077844	0.084848	0.091867	0.066265	0.109940	0.067365	0.202128	0.193009	0.199396	0.201515	0.189394	0.203364	0.157100	0.139640	0.218182	0.212121	0.212991	0.213636	0.215152	0.212121	0.211480	0.214502	0.217523	0.213636	0.211246	0.211246	0.161145	0.210843	0.206250	0.208978	0.178788	0.209726	0.132132	0.075529	0.082831	0.111782	0.094880
Hayany      	0.157658	0.083333	0.075075	0.135015	0.086053	0.109281	0.095522	0.117910	0.128358	0.089820	0.102102	0.095808	0.120536	0.121662	0.115854	0.121581	0.075893	0.250760	0.256250	0.228097	0.267913	0.255319	0.253067	0.082090	0.094311	0.083582	0.126488	0.093656	0.070571	0.080597	0.092537	0.079580	0.086053	0.086310	0.093472	0.103343	0.093373	0.000000	0.077039	0.089783	0.080065	0.141791	0.096726	0.077151	0.060897	0.087349	0.098802	0.087798	0.076119	0.129129	0.086826	0.081081	0.090504	0.090774	0.080357	0.088060	0.092537	0.088060	0.121257	0.093248	0.080597	0.075668	0.078550	0.062500	0.087537	0.127976	0.262346	0.101190	0.104478	0.085586	0.049107	0.077844	0.105970	0.075668	0.187688	0.193353	0.199700	0.189759	0.186747	0.196049	0.157658	0.135417	0.208084	0.202096	0.200599	0.203593	0.205090	0.201201	0.202096	0.203593	0.206587	0.202703	0.201807	0.200301	0.147761	0.201493	0.199690	0.203364	0.174699	0.198198	0.120536	0.085329	0.088589	0.086826	0.100000
Helwa       	0.147416	0.069277	0.066869	0.135135	0.073574	0.084848	0.096677	0.120846	0.132931	0.055891	0.088415	0.068182	0.119335	0.132132	0.126935	0.127301	0.052711	0.236923	0.245283	0.223242	0.257053	0.247692	0.244582	0.078550	0.078788	0.042296	0.126506	0.053517	0.050000	0.054217	0.113293	0.066869	0.079580	0.061747	0.045045	0.083591	0.021341	0.077039	0.000000	0.059190	0.052805	0.133333	0.100904	0.094880	0.051780	0.119266	0.080303	0.078313	0.075529	0.135258	0.059091	0.040909	0.057057	0.021084	0.028614	0.034743	0.055723	0.069486	0.137879	0.067742	0.048338	0.057057	0.047546	0.072072	0.075075	0.125000	0.254688	0.085843	0.080060	0.069697	0.083082	0.056061	0.098187	0.061562	0.188450	0.181402	0.185410	0.185976	0.175305	0.189231	0.151976	0.126506	0.200000	0.193009	0.192424	0.193009	0.194529	0.191489	0.193353	0.193939	0.196970	0.193009	0.194529	0.193598	0.141566	0.192771	0.189655	0.189441	0.168693	0.189024	0.115616	0.065152	0.066869	0.110606	0.083082
Hilali      	0.131250	0.074074	0.061920	0.121538	0.072308	0.086957	0.086687	0.111455	0.123839	0.071429	0.071651	0.079193	0.117647	0.109231	0.118671	0.109718	0.069444	0.225552	0.231270	0.225705	0.246774	0.235759	0.232484	0.074303	0.066770	0.067901	0.115741	0.073438	0.052960	0.074074	0.109907	0.069876	0.083077	0.078462	0.080000	0.071429	0.074534	0.089783	0.059190	0.000000	0.073129	0.123839	0.095679	0.095679	0.058140	0.112500	0.071429	0.080247	0.083591	0.121495	0.074303	0.054012	0.056923	0.074074	0.073846	0.057099	0.072531	0.091331	0.135514	0.075163	0.085139	0.061538	0.068966	0.083333	0.084615	0.115741	0.239617	0.098765	0.089231	0.071651	0.085139	0.052632	0.089506	0.067692	0.173437	0.177116	0.186916	0.181250	0.170313	0.181388	0.148607	0.112654	0.182243	0.176012	0.178571	0.179128	0.179128	0.177570	0.177019	0.180124	0.184783	0.182243	0.182243	0.179688	0.147059	0.178019	0.176849	0.174603	0.168750	0.171875	0.114198	0.072981	0.054180	0.114551	0.074074
Hiri        	0.156250	0.061889	0.072131	0.139610	0.087662	0.091803	0.098039	0.138889	0.141694	0.066775	0.105611	0.081699	0.132353	0.136364	0.138796	0.141196	0.073290	0.241667	0.246599	0.225329	0.258446	0.255000	0.255000	0.086319	0.088525	0.070261	0.135179	0.074503	0.064145	0.071895	0.124183	0.060855	0.071429	0.058632	0.061688	0.100334	0.050820	0.080065	0.052805	0.073129	0.000000	0.147541	0.097720	0.100977	0.062284	0.124172	0.088525	0.074919	0.060458	0.141447	0.068404	0.077303	0.089286	0.057003	0.058632	0.060261	0.057190	0.068404	0.138158	0.075862	0.053746	0.056818	0.062914	0.087948	0.076299	0.135179	0.263423	0.081433	0.091503	0.090164	0.094771	0.075410	0.106209	0.060065	0.194719	0.187086	0.194079	0.196370	0.181518	0.198333	0.154605	0.138436	0.215461	0.208882	0.208197	0.210526	0.212171	0.207237	0.206557	0.209836	0.212418	0.208197	0.206271	0.205592	0.155229	0.207516	0.205085	0.209732	0.172697	0.206271	0.131494	0.091503	0.088816	0.109477	0.089869
