  105
Abel        	0.000000	0.123003	0.140127	0.099684	0.125000	0.101266	0.131746	0.123418	0.097756	0.131746	0.136808	0.149206	0.084936	0.126582	0.093548	0.109873	0.136508	0.254019	0.258224	0.242812	0.254153	0.261290	0.258170	0.142405	0.112698	0.128981	0.071429	0.140777	0.123810	0.138978	0.128571	0.127389	0.117089	0.128981	0.142405	0.128289	0.135484	0.139683	0.133758	0.120805	0.144599	0.104762	0.111111	0.112540	0.126298	0.107372	0.113924	0.124204	0.136076	0.102848	0.136076	0.120253	0.128165	0.136943	0.126582	0.129393	0.132166	0.138095	0.106013	0.131667	0.134921	0.126582	0.136656	0.129747	0.151274	0.072816	0.243333	0.100000	0.135350	0.116242	0.122222	0.128571	0.120635	0.131329	0.219551	0.220257	0.222756	0.226837	0.204839	0.233974	0.207395	0.079365	0.158654	0.166129	0.167732	0.166667	0.166667	0.165064	0.166667	0.167197	0.173567	0.158654	0.170927	0.165605	0.132588	0.157643	0.171569	0.167752	0.139159	0.158654	0.090764	0.136076	0.116987	0.136076	0.115506
Abouman     	0.123003	0.000000	0.088424	0.134185	0.094249	0.111821	0.120192	0.140575	0.144013	0.080128	0.092105	0.086538	0.144013	0.121406	0.153094	0.110932	0.063898	0.258117	0.264120	0.238710	0.255034	0.263844	0.265677	0.083067	0.080128	0.081994	0.133013	0.076797	0.076923	0.067524	0.133013	0.073955	0.060703	0.075321	0.070288	0.079734	0.073290	0.099359	0.072347	0.054054	0.066901	0.160256	0.099359	0.099026	0.055944	0.124595	0.083067	0.099678	0.054313	0.159744	0.076677	0.055911	0.051118	0.072347	0.067093	0.072581	0.070740	0.072115	0.151757	0.089226	0.059295	0.054313	0.063312	0.070288	0.123794	0.128664	0.250836	0.084936	0.090032	0.062701	0.083333	0.088141	0.096154	0.059105	0.200647	0.195793	0.201613	0.202572	0.183442	0.209677	0.173701	0.113782	0.236246	0.232899	0.243548	0.242718	0.237864	0.238710	0.238782	0.241158	0.249196	0.233010	0.246774	0.241158	0.188710	0.233119	0.243421	0.245902	0.183007	0.234628	0.125402	0.079872	0.069355	0.118211	0.087859
Ajwa        	0.140127	0.088424	0.000000	0.119427	0.074841	0.095541	0.111821	0.119427	0.124194	0.075080	0.096721	0.081470	0.120968	0.113057	0.133117	0.104167	0.076677	0.258900	0.266556	0.236334	0.260870	0.267857	0.266447	0.062102	0.063898	0.064103	0.119808	0.061889	0.068690	0.075563	0.110224	0.070513	0.060510	0.080128	0.084395	0.096026	0.074434	0.084665	0.076923	0.062500	0.077193	0.129393	0.087859	0.072347	0.076389	0.101613	0.063694	0.073718	0.074841	0.136943	0.071656	0.071656	0.070064	0.073718	0.074841	0.067524	0.078526	0.071885	0.127389	0.065217	0.076677	0.068471	0.085761	0.071656	0.097756	0.123779	0.236577	0.083067	0.060703	0.084936	0.089457	0.073482	0.079872	0.076433	0.193548	0.202265	0.204839	0.207395	0.186688	0.217742	0.166667	0.140575	0.224194	0.222403	0.233119	0.230645	0.229032	0.227419	0.230032	0.229167	0.237179	0.217742	0.231511	0.225962	0.163987	0.221154	0.226974	0.234426	0.159609	0.224194	0.118590	0.078025	0.062903	0.098726	0.068471
Alig        	0.099684	0.134185	0.119427	0.000000	0.123418	0.083861	0.152381	0.109177	0.059295	0.128571	0.118893	0.131746	0.070513	0.102848	0.106452	0.114650	0.128571	0.263666	0.269737	0.241214	0.262458	0.267742	0.263072	0.137658	0.106349	0.117834	0.076190	0.121359	0.119048	0.127796	0.130159	0.128981	0.106013	0.133758	0.137658	0.111842	0.125806	0.131746	0.130573	0.127517	0.121951	0.093651	0.100000	0.096463	0.129758	0.113782	0.112342	0.105096	0.134494	0.107595	0.125000	0.125000	0.132911	0.124204	0.118671	0.110224	0.113057	0.117460	0.110759	0.111667	0.120635	0.125000	0.138264	0.131329	0.113057	0.092233	0.240000	0.092063	0.122611	0.105096	0.123810	0.133333	0.120635	0.129747	0.216346	0.223473	0.224359	0.228435	0.211290	0.240385	0.191318	0.115873	0.165064	0.162903	0.177316	0.177885	0.179487	0.174679	0.177778	0.176752	0.184713	0.168269	0.178914	0.176752	0.129393	0.171975	0.176471	0.184039	0.111650	0.174679	0.087580	0.131329	0.125000	0.118671	0.117089
Amir_haj    	0.125000	0.094249	0.074841	0.123418	0.000000	0.077532	0.095238	0.115506	0.108974	0.058730	0.105863	0.087302	0.104167	0.125000	0.129032	0.105096	0.063492	0.265273	0.276316	0.244409	0.269103	0.277419	0.276144	0.090190	0.071429	0.074841	0.111111	0.076052	0.061905	0.068690	0.095238	0.063694	0.055380	0.070064	0.077532	0.092105	0.074194	0.082540	0.079618	0.068792	0.088850	0.123810	0.061905	0.078778	0.077855	0.078526	0.064873	0.066879	0.068038	0.139241	0.058544	0.064873	0.075949	0.076433	0.068038	0.070288	0.071656	0.069841	0.113924	0.078333	0.079365	0.061709	0.072347	0.052215	0.092357	0.124595	0.248333	0.082540	0.079618	0.081210	0.074603	0.057143	0.055556	0.072785	0.197115	0.197749	0.201923	0.204473	0.183871	0.216346	0.173633	0.128571	0.233974	0.233871	0.244409	0.241987	0.240385	0.240385	0.244444	0.242038	0.250000	0.230769	0.242812	0.238854	0.159744	0.235669	0.240196	0.244300	0.176375	0.233974	0.121019	0.077532	0.056090	0.077532	0.069620
Aseel       	0.101266	0.111821	0.095541	0.083861	0.077532	0.000000	0.125397	0.117089	0.105769	0.092063	0.118893	0.098413	0.100962	0.123418	0.114516	0.106688	0.090476	0.254019	0.261513	0.236422	0.254153	0.262903	0.261438	0.110759	0.098413	0.089172	0.100000	0.093851	0.092063	0.091054	0.115873	0.085987	0.085443	0.097134	0.098101	0.101974	0.090323	0.098413	0.093949	0.097315	0.092334	0.107937	0.076190	0.077170	0.095156	0.092949	0.098101	0.082803	0.094937	0.125000	0.088608	0.094937	0.106013	0.087580	0.085443	0.086262	0.081210	0.090476	0.121835	0.086667	0.093651	0.088608	0.099678	0.098101	0.093949	0.105178	0.236667	0.077778	0.103503	0.095541	0.087302	0.074603	0.107937	0.099684	0.208333	0.215434	0.219551	0.222045	0.201613	0.233974	0.186495	0.117460	0.197115	0.195161	0.206070	0.205128	0.203526	0.201923	0.204762	0.203822	0.211783	0.192308	0.204473	0.200637	0.137380	0.195860	0.204248	0.206840	0.155340	0.197115	0.092357	0.098101	0.084936	0.107595	0.102848
P1_rOPbAL1  	0.131746	0.120192	0.111821	0.152381	0.095238	0.125397	0.000000	0.134921	0.146302	0.109873	0.128664	0.116242	0.144695	0.122222	0.134304	0.137380	0.121019	0.265273	0.273026	0.245192	0.269103	0.272581	0.272876	0.125397	0.111465	0.108626	0.136943	0.115260	0.106688	0.128205	0.098413	0.113419	0.106349	0.111821	0.115873	0.121711	0.116505	0.106688	0.121406	0.101010	0.122378	0.160828	0.109873	0.114516	0.110727	0.115756	0.109524	0.121406	0.115873	0.149206	0.109524	0.122222	0.117460	0.119808	0.115873	0.115385	0.119808	0.117834	0.117460	0.117057	0.105096	0.112698	0.119355	0.106349	0.115016	0.139610	0.258333	0.111465	0.113419	0.123003	0.108280	0.114650	0.119427	0.117460	0.207395	0.201613	0.207395	0.206731	0.190939	0.221865	0.188710	0.143312	0.223473	0.226537	0.232372	0.229904	0.229904	0.228296	0.229299	0.230032	0.236422	0.221865	0.230769	0.228435	0.157051	0.220447	0.232787	0.233660	0.165584	0.223473	0.142173	0.125397	0.112540	0.096825	0.114286
CAP50bhOA1  	0.123418	0.140575	0.119427	0.109177	0.115506	0.117089	0.134921	0.000000	0.110577	0.139683	0.118893	0.142857	0.120192	0.107595	0.119355	0.111465	0.123810	0.252412	0.256579	0.226837	0.250831	0.258065	0.253268	0.136076	0.123810	0.119427	0.120635	0.134304	0.126984	0.135783	0.125397	0.136943	0.126582	0.132166	0.148734	0.110197	0.135484	0.136508	0.144904	0.117450	0.151568	0.142857	0.123810	0.115756	0.138408	0.104167	0.123418	0.100318	0.142405	0.102848	0.139241	0.139241	0.134494	0.138535	0.139241	0.135783	0.140127	0.131746	0.115506	0.126667	0.141270	0.136076	0.147910	0.132911	0.138535	0.093851	0.221667	0.096825	0.136943	0.109873	0.131746	0.133333	0.133333	0.140823	0.205128	0.212219	0.216346	0.210863	0.201613	0.224359	0.181672	0.117460	0.173077	0.167742	0.182109	0.182692	0.177885	0.174679	0.179365	0.178344	0.186306	0.185897	0.183706	0.181529	0.121406	0.173567	0.179739	0.187296	0.131068	0.176282	0.136943	0.132911	0.129808	0.123418	0.128165
Aziza       	0.097756	0.144013	0.124194	0.059295	0.108974	0.105769	0.146302	0.110577	0.000000	0.133441	0.127063	0.139871	0.068182	0.121795	0.105863	0.117742	0.146302	0.282468	0.278146	0.253226	0.273490	0.277778	0.272277	0.139423	0.110577	0.135484	0.075563	0.142157	0.128617	0.144013	0.118971	0.127419	0.107372	0.145161	0.145833	0.123333	0.144481	0.135048	0.138710	0.135593	0.139085	0.101286	0.102894	0.100977	0.139860	0.102273	0.120192	0.112903	0.133013	0.113782	0.137821	0.141026	0.141026	0.144695	0.133013	0.131068	0.143548	0.126603	0.115385	0.128378	0.131410	0.133013	0.144481	0.126603	0.141935	0.108197	0.248322	0.091640	0.137097	0.100000	0.123794	0.138264	0.112540	0.141026	0.221683	0.238636	0.237013	0.245955	0.224756	0.248377	0.193182	0.117363	0.189935	0.190554	0.200647	0.199675	0.197411	0.195793	0.200965	0.194534	0.200000	0.186084	0.194175	0.191935	0.135484	0.188710	0.193709	0.204620	0.135179	0.194805	0.098387	0.142628	0.128247	0.115385	0.116987
zr9q_az3aq  	0.131746	0.080128	0.075080	0.128571	0.058730	0.092063	0.109873	0.139683	0.133441	0.000000	0.096405	0.057325	0.128617	0.111111	0.137540	0.119808	0.062102	0.262903	0.266447	0.246795	0.260797	0.267742	0.269608	0.079365	0.065287	0.055911	0.122611	0.064935	0.041401	0.060897	0.119427	0.060703	0.060317	0.062300	0.050794	0.085809	0.038835	0.084395	0.046178	0.047138	0.064460	0.135350	0.082803	0.091935	0.057292	0.099678	0.063492	0.071885	0.047619	0.150794	0.006349	0.038095	0.058730	0.036741	0.034921	0.038462	0.041534	0.071656	0.138095	0.058333	0.065287	0.047619	0.033871	0.057143	0.094249	0.133117	0.245819	0.090764	0.060703	0.075080	0.066879	0.052548	0.068471	0.049206	0.209003	0.206452	0.207395	0.214744	0.192557	0.225080	0.191935	0.135350	0.226688	0.228155	0.237179	0.236334	0.234727	0.234727	0.237261	0.236422	0.244409	0.225080	0.238782	0.233227	0.179487	0.228435	0.234426	0.236928	0.180195	0.226688	0.124204	0.057143	0.045016	0.114286	0.066667
Barmel      	0.136808	0.092105	0.096721	0.118893	0.105863	0.118893	0.128664	0.118893	0.127063	0.096405	0.000000	0.094771	0.129934	0.087948	0.149007	0.099349	0.080065	0.268977	0.273649	0.250000	0.271186	0.274834	0.275168	0.107492	0.098039	0.104575	0.135179	0.100000	0.091503	0.072368	0.131922	0.093443	0.091205	0.093443	0.109121	0.035117	0.106312	0.122150	0.104575	0.075862	0.103943	0.149837	0.112745	0.118812	0.099644	0.113487	0.097720	0.085246	0.100977	0.146580	0.099349	0.089577	0.097720	0.104918	0.099349	0.093750	0.103279	0.094771	0.140065	0.087329	0.098039	0.096091	0.099338	0.097720	0.114754	0.146179	0.259386	0.111111	0.114754	0.059016	0.094463	0.104235	0.107843	0.096091	0.223684	0.231788	0.237624	0.231908	0.219269	0.242574	0.201987	0.107843	0.231908	0.233444	0.240132	0.238487	0.236842	0.234323	0.238562	0.236066	0.244262	0.229373	0.241776	0.237705	0.167763	0.229508	0.241611	0.242475	0.170000	0.231908	0.124590	0.091205	0.085526	0.122150	0.102606
Began       	0.149206	0.086538	0.081470	0.131746	0.087302	0.098413	0.116242	0.142857	0.139871	0.057325	0.094771	0.000000	0.133441	0.120635	0.145631	0.118211	0.085987	0.258065	0.270627	0.243590	0.261667	0.271845	0.273770	0.098413	0.082803	0.078275	0.124204	0.068182	0.070064	0.084936	0.122611	0.068690	0.079365	0.081470	0.079365	0.089109	0.059871	0.093949	0.065495	0.058923	0.083916	0.144904	0.101911	0.098387	0.078125	0.110577	0.082540	0.084665	0.076190	0.157143	0.053968	0.066667	0.071429	0.055911	0.050794	0.054487	0.073482	0.084395	0.138095	0.048495	0.087580	0.066667	0.074194	0.085714	0.079872	0.139610	0.244147	0.106688	0.076677	0.079872	0.093949	0.076433	0.089172	0.074603	0.204180	0.206452	0.209003	0.211538	0.190939	0.218650	0.177419	0.138535	0.236334	0.233010	0.246795	0.242765	0.241158	0.241158	0.243631	0.242812	0.250799	0.231511	0.245192	0.239617	0.182692	0.234824	0.239344	0.245098	0.186688	0.236334	0.127796	0.060317	0.064309	0.114286	0.087302
yser_hkloo  	0.084936	0.144013	0.120968	0.070513	0.104167	0.100962	0.144695	0.120192	0.068182	0.128617	0.129934	0.133441	0.000000	0.139423	0.096091	0.101613	0.135048	0.258958	0.265000	0.236246	0.257576	0.266340	0.258278	0.139423	0.102894	0.124194	0.053055	0.127869	0.123794	0.134304	0.110932	0.122186	0.108974	0.124194	0.141026	0.114618	0.133987	0.129808	0.133871	0.122449	0.139576	0.060897	0.099678	0.090615	0.132867	0.087379	0.107372	0.099678	0.137821	0.091346	0.133013	0.131410	0.129808	0.135484	0.128205	0.122977	0.133871	0.122186	0.083333	0.114865	0.128617	0.131410	0.141694	0.126603	0.120968	0.084967	0.239865	0.090032	0.122581	0.124194	0.134615	0.130225	0.096463	0.134615	0.206169	0.215909	0.217532	0.214516	0.202614	0.225649	0.197068	0.101286	0.168285	0.166124	0.177994	0.176375	0.174757	0.172078	0.178457	0.174194	0.182258	0.163961	0.175806	0.172581	0.105178	0.170968	0.173267	0.179276	0.127869	0.169903	0.078778	0.129808	0.128247	0.105769	0.108974
Biddajaj    	0.126582	0.121406	0.113057	0.102848	0.125000	0.123418	0.122222	0.107595	0.121795	0.111111	0.087948	0.120635	0.139423	0.000000	0.116129	0.116242	0.112698	0.260450	0.263158	0.242812	0.260797	0.264516	0.259804	0.117089	0.106349	0.113057	0.138095	0.118123	0.103175	0.113419	0.115873	0.121019	0.113924	0.122611	0.126582	0.087171	0.120968	0.126984	0.122611	0.102349	0.121951	0.149206	0.117460	0.122186	0.112457	0.123397	0.110759	0.109873	0.126582	0.118671	0.110759	0.110759	0.118671	0.121019	0.117089	0.107029	0.108280	0.122222	0.125000	0.111667	0.122222	0.113924	0.120579	0.120253	0.132166	0.121359	0.228333	0.114286	0.124204	0.092357	0.119048	0.128571	0.136508	0.109177	0.217949	0.228296	0.230769	0.234824	0.212903	0.243590	0.205788	0.138095	0.185897	0.191935	0.194888	0.195513	0.192308	0.190705	0.195238	0.189490	0.195860	0.184295	0.193291	0.191083	0.158147	0.183121	0.191176	0.198697	0.134304	0.189103	0.127389	0.126582	0.116987	0.126582	0.112342
uds_Raraqs  	0.093548	0.153094	0.133117	0.106452	0.129032	0.114516	0.134304	0.119355	0.105863	0.137540	0.149007	0.145631	0.096091	0.116129	0.000000	0.103896	0.147249	0.262295	0.268456	0.241042	0.261017	0.266447	0.263333	0.135484	0.122977	0.136364	0.080906	0.141914	0.129450	0.143322	0.098706	0.136364	0.119355	0.146104	0.148387	0.138796	0.149671	0.127419	0.152597	0.134354	0.151246	0.096774	0.118123	0.112745	0.128975	0.083062	0.125806	0.134740	0.148387	0.093548	0.137097	0.140323	0.138710	0.149351	0.140323	0.141694	0.142857	0.142395	0.090323	0.134354	0.144013	0.138710	0.147541	0.135484	0.152104	0.085809	0.231293	0.098706	0.134740	0.134740	0.125806	0.145631	0.139159	0.137097	0.207516	0.213115	0.214052	0.224756	0.197368	0.232026	0.203279	0.131068	0.156352	0.157377	0.162866	0.162866	0.161238	0.156352	0.163430	0.159091	0.166667	0.153595	0.164495	0.162338	0.121753	0.154221	0.159468	0.165563	0.129085	0.156352	0.110390	0.148387	0.132353	0.125806	0.130645
BouslKhine  	0.109873	0.110932	0.104167	0.114650	0.105096	0.106688	0.137380	0.111465	0.117742	0.119808	0.099349	0.118211	0.101613	0.116242	0.103896	0.000000	0.111821	0.258900	0.261589	0.237942	0.254181	0.258117	0.254934	0.109873	0.094249	0.110224	0.105096	0.110749	0.097444	0.117363	0.100639	0.108974	0.103503	0.110577	0.117834	0.095710	0.115260	0.123003	0.118590	0.092905	0.119298	0.135783	0.100639	0.103560	0.113240	0.087097	0.097134	0.105769	0.116242	0.101911	0.119427	0.109873	0.098726	0.118590	0.116242	0.101286	0.110577	0.105431	0.116242	0.109060	0.116613	0.109873	0.126214	0.113057	0.099359	0.104235	0.231544	0.086262	0.104167	0.097756	0.111821	0.108280	0.103834	0.108280	0.196774	0.202265	0.204839	0.209003	0.193182	0.216129	0.179612	0.134185	0.211290	0.209416	0.215434	0.212903	0.211290	0.209677	0.214058	0.211538	0.219551	0.203226	0.217042	0.211538	0.144695	0.205128	0.215461	0.216393	0.144951	0.206452	0.110577	0.109873	0.098387	0.105096	0.101911
Braim       	0.136508	0.063898	0.076677	0.128571	0.063492	0.090476	0.121019	0.123810	0.146302	0.062102	0.080065	0.085987	0.135048	0.112698	0.147249	0.111821	0.000000	0.262903	0.267327	0.241987	0.261667	0.268608	0.267213	0.080952	0.078025	0.057508	0.133758	0.076299	0.055732	0.011182	0.121019	0.068690	0.061905	0.070288	0.052381	0.074257	0.058252	0.097134	0.063898	0.058923	0.071678	0.144904	0.093949	0.100000	0.064236	0.104502	0.065079	0.081470	0.055556	0.150794	0.055556	0.050794	0.073016	0.060703	0.061905	0.064103	0.049521	0.073248	0.130159	0.070234	0.063694	0.052381	0.050000	0.055556	0.099042	0.134740	0.248333	0.085987	0.083067	0.063898	0.068471	0.066879	0.071656	0.053968	0.196141	0.204839	0.204180	0.213141	0.190939	0.220257	0.174194	0.105096	0.231511	0.231392	0.240385	0.239550	0.237942	0.237942	0.238854	0.238019	0.246006	0.226688	0.240385	0.234824	0.176282	0.230032	0.237705	0.243464	0.178571	0.231511	0.126198	0.074603	0.070513	0.112698	0.066667
XsRs_93115  	0.254019	0.258117	0.258900	0.263666	0.265273	0.254019	0.265273	0.252412	0.282468	0.262903	0.268977	0.258065	0.258958	0.260450	0.262295	0.258900	0.262903	0.000000	0.034653	0.076299	0.035000	0.040584	0.065789	0.278135	0.249196	0.249191	0.254839	0.257377	0.259677	0.269481	0.260450	0.257282	0.254019	0.260518	0.274920	0.260797	0.264706	0.269355	0.263754	0.244027	0.258865	0.240323	0.264516	0.258170	0.249123	0.263844	0.252412	0.257282	0.265273	0.254019	0.262058	0.262058	0.262058	0.262903	0.258842	0.256494	0.257282	0.262903	0.268489	0.259322	0.262903	0.258842	0.274510	0.270096	0.279935	0.223684	0.239057	0.253226	0.257282	0.271845	0.258065	0.270968	0.267742	0.263666	0.264610	0.272876	0.280130	0.274351	0.272131	0.288274	0.276873	0.266129	0.236156	0.233660	0.235390	0.236156	0.233766	0.235390	0.235484	0.237097	0.242718	0.228896	0.240260	0.234628	0.241100	0.233010	0.246689	0.232673	0.253289	0.229642	0.255663	0.268489	0.245928	0.252412	0.257235
nsfs_9311w  	0.258224	0.264120	0.266556	0.269737	0.276316	0.261513	0.273026	0.256579	0.278146	0.266447	0.273649	0.270627	0.265000	0.263158	0.268456	0.261589	0.267327	0.034653	0.000000	0.095710	0.011785	0.013158	0.036424	0.279605	0.243421	0.250000	0.257426	0.269231	0.266447	0.274086	0.264803	0.268212	0.261513	0.266556	0.281250	0.267007	0.270000	0.280528	0.268977	0.248252	0.258123	0.250825	0.272277	0.267559	0.251799	0.268333	0.254934	0.266556	0.271382	0.261513	0.266447	0.269737	0.269737	0.268977	0.269737	0.260797	0.261589	0.268092	0.276316	0.264706	0.266447	0.269737	0.281667	0.277961	0.289735	0.238255	0.244932	0.256579	0.261589	0.278146	0.268977	0.275578	0.268977	0.271382	0.274086	0.290970	0.294020	0.291391	0.289298	0.305000	0.286424	0.273927	0.240864	0.236667	0.240864	0.240000	0.237542	0.240864	0.240924	0.240924	0.243377	0.228477	0.242525	0.235099	0.251656	0.235099	0.247458	0.243243	0.255853	0.235000	0.264026	0.273026	0.255000	0.259868	0.256579
nsiY_93J21  	0.242812	0.238710	0.236334	0.241214	0.244409	0.236422	0.245192	0.226837	0.253226	0.246795	0.250000	0.243590	0.236246	0.242812	0.241042	0.237942	0.241987	0.076299	0.095710	0.000000	0.096667	0.099349	0.122951	0.249201	0.230769	0.226688	0.240385	0.233660	0.237179	0.251613	0.235577	0.236334	0.230032	0.239550	0.252396	0.242525	0.243506	0.250000	0.245981	0.223729	0.242105	0.224359	0.243590	0.238636	0.230769	0.241100	0.230032	0.231511	0.246006	0.234824	0.246006	0.239617	0.238019	0.242765	0.236422	0.237097	0.234727	0.234824	0.247604	0.241611	0.238019	0.236422	0.250000	0.242812	0.257235	0.207516	0.221477	0.225962	0.234727	0.245981	0.238782	0.253205	0.246795	0.241214	0.237864	0.243506	0.250809	0.241935	0.242671	0.257282	0.248377	0.250000	0.234628	0.229642	0.235484	0.234628	0.226537	0.231392	0.233974	0.229904	0.237942	0.221683	0.235484	0.229904	0.214516	0.228296	0.244224	0.233553	0.231270	0.229773	0.239550	0.252396	0.229773	0.233227	0.231629
enses_DP6b  	0.254153	0.255034	0.260870	0.262458	0.269103	0.254153	0.269103	0.250831	0.273490	0.260797	0.271186	0.261667	0.257576	0.260797	0.261017	0.254181	0.261667	0.035000	0.011785	0.096667	0.000000	0.021595	0.043478	0.274086	0.236667	0.245819	0.250000	0.263605	0.261667	0.268456	0.259136	0.260870	0.254153	0.259197	0.275748	0.259450	0.263514	0.275000	0.267442	0.244755	0.253623	0.243333	0.265000	0.260135	0.243636	0.261745	0.247508	0.259197	0.264120	0.255814	0.260797	0.264120	0.260797	0.262542	0.264120	0.255034	0.255853	0.260797	0.270764	0.263889	0.262458	0.262458	0.277778	0.272425	0.282609	0.232203	0.235294	0.250000	0.255853	0.272575	0.263333	0.270000	0.261667	0.265781	0.268456	0.282095	0.286195	0.283557	0.281356	0.297980	0.278523	0.270000	0.235690	0.229730	0.236577	0.235690	0.230640	0.232323	0.235000	0.234114	0.242475	0.218855	0.239933	0.230769	0.244966	0.232441	0.244863	0.235495	0.249153	0.228956	0.258333	0.267442	0.249164	0.254153	0.250831
s_JBMPL503  	0.261290	0.263844	0.267857	0.267742	0.277419	0.262903	0.272581	0.258065	0.277778	0.267742	0.274834	0.271845	0.266340	0.264516	0.266447	0.258117	0.268608	0.040584	0.013158	0.099349	0.021595	0.000000	0.027778	0.280645	0.245955	0.251623	0.258900	0.267327	0.266990	0.275244	0.266129	0.269481	0.262903	0.267857	0.283871	0.266667	0.271382	0.281553	0.273463	0.248288	0.260638	0.252427	0.270227	0.268852	0.253521	0.269608	0.256452	0.267857	0.272581	0.262903	0.267742	0.270968	0.269355	0.271104	0.270968	0.262215	0.262987	0.268608	0.275806	0.264407	0.266990	0.270968	0.281967	0.279032	0.290584	0.237624	0.244108	0.257282	0.262987	0.279221	0.270227	0.276699	0.270227	0.272581	0.267974	0.281967	0.285948	0.281759	0.282895	0.295752	0.279412	0.276699	0.241830	0.236842	0.244300	0.241830	0.233660	0.238562	0.241100	0.237013	0.245130	0.222222	0.242671	0.233766	0.250814	0.235390	0.250000	0.244186	0.255776	0.236928	0.265372	0.274194	0.254902	0.262903	0.256452
s_JEMPC_P9  	0.258170	0.265677	0.266447	0.263072	0.276144	0.261438	0.272876	0.253268	0.272277	0.269608	0.275168	0.273770	0.258278	0.259804	0.263333	0.254934	0.267213	0.065789	0.036424	0.122951	0.043478	0.027778	0.000000	0.282680	0.244262	0.250000	0.252459	0.267559	0.262295	0.273927	0.261438	0.271382	0.261438	0.264803	0.279412	0.265203	0.270764	0.280328	0.273770	0.253472	0.259857	0.249180	0.270492	0.267442	0.255357	0.268212	0.254902	0.269737	0.274510	0.256536	0.269608	0.272876	0.271242	0.269737	0.272876	0.262376	0.264803	0.271242	0.269608	0.261168	0.266340	0.272876	0.280731	0.277778	0.282895	0.235786	0.243197	0.259016	0.261513	0.277961	0.268852	0.278689	0.272131	0.274510	0.263245	0.264120	0.268212	0.264026	0.279070	0.278878	0.269868	0.268852	0.245033	0.240000	0.245875	0.245033	0.236755	0.241722	0.244262	0.240132	0.248355	0.225166	0.245875	0.236842	0.254125	0.235197	0.250000	0.245791	0.255000	0.238411	0.259016	0.272876	0.258278	0.258170	0.254902
Chichi      	0.142405	0.083067	0.062102	0.137658	0.090190	0.110759	0.125397	0.136076	0.139423	0.079365	0.107492	0.098413	0.139423	0.117089	0.135484	0.109873	0.080952	0.278135	0.279605	0.249201	0.274086	0.280645	0.282680	0.000000	0.088889	0.071656	0.131746	0.076052	0.073016	0.079872	0.122222	0.070064	0.088608	0.074841	0.082278	0.100329	0.080645	0.107937	0.081210	0.057047	0.088850	0.152381	0.101587	0.102894	0.062284	0.097756	0.094937	0.084395	0.075949	0.150316	0.075949	0.069620	0.058544	0.078025	0.072785	0.075080	0.078025	0.065079	0.131329	0.078333	0.084127	0.072785	0.077170	0.063291	0.103503	0.142395	0.248333	0.090476	0.076433	0.074841	0.096825	0.084127	0.092063	0.058544	0.205128	0.205788	0.209936	0.217252	0.191935	0.224359	0.178457	0.139683	0.233974	0.235484	0.242812	0.243590	0.241987	0.240385	0.242857	0.242038	0.250000	0.230769	0.244409	0.238854	0.178914	0.234076	0.241830	0.244300	0.182848	0.233974	0.133758	0.075949	0.086538	0.110759	0.099684
Dajwani     	0.112698	0.080128	0.063898	0.106349	0.071429	0.098413	0.111465	0.123810	0.110577	0.065287	0.098039	0.082803	0.102894	0.106349	0.122977	0.094249	0.078025	0.249196	0.243421	0.230769	0.236667	0.245955	0.244262	0.088889	0.000000	0.068690	0.097134	0.066343	0.041401	0.073718	0.106688	0.067093	0.044444	0.068690	0.071429	0.094059	0.070968	0.089172	0.063898	0.053872	0.062937	0.124204	0.076433	0.085484	0.057292	0.091640	0.019048	0.068690	0.073016	0.128571	0.063492	0.069841	0.071429	0.071656	0.069841	0.049679	0.057508	0.074841	0.126984	0.071906	0.074841	0.066667	0.069355	0.073016	0.094249	0.103896	0.223333	0.074841	0.057508	0.081470	0.087580	0.074841	0.050955	0.052381	0.182692	0.190323	0.188103	0.195513	0.173139	0.205788	0.170418	0.122611	0.204180	0.204839	0.213141	0.210611	0.211538	0.209936	0.211783	0.211783	0.217252	0.200321	0.211538	0.206070	0.161342	0.202875	0.208197	0.214052	0.159091	0.204180	0.111821	0.085714	0.070740	0.096825	0.020635
Dedhi       	0.128981	0.081994	0.064103	0.117834	0.074841	0.089172	0.108626	0.119427	0.135484	0.055911	0.104575	0.078275	0.124194	0.113057	0.136364	0.110224	0.057508	0.249191	0.250000	0.226688	0.245819	0.251623	0.250000	0.071656	0.068690	0.000000	0.134185	0.055375	0.059105	0.062701	0.119808	0.062500	0.070064	0.060897	0.052548	0.097682	0.043831	0.094249	0.048077	0.052365	0.077193	0.140575	0.087859	0.090615	0.071429	0.108065	0.065287	0.065705	0.070064	0.144904	0.052548	0.046178	0.050955	0.041667	0.046178	0.051447	0.064103	0.076677	0.143312	0.062081	0.049521	0.060510	0.058252	0.070064	0.086538	0.118893	0.229866	0.081470	0.052885	0.084665	0.076677	0.063898	0.084665	0.066879	0.193548	0.195793	0.198387	0.204180	0.183442	0.214516	0.171521	0.130990	0.212903	0.214286	0.223473	0.222581	0.220968	0.220968	0.223642	0.222756	0.230769	0.211290	0.225080	0.219551	0.165595	0.214744	0.220395	0.222951	0.162866	0.212903	0.118590	0.062102	0.075806	0.101911	0.070064
eg16t_noor  	0.071429	0.133013	0.119808	0.076190	0.111111	0.100000	0.136943	0.120635	0.075563	0.122611	0.135179	0.124204	0.053055	0.138095	0.080906	0.105096	0.133758	0.254839	0.257426	0.240385	0.250000	0.258900	0.252459	0.131746	0.097134	0.134185	0.000000	0.129870	0.119427	0.131410	0.106688	0.123003	0.103175	0.137380	0.138095	0.120066	0.137540	0.119427	0.134185	0.127946	0.124126	0.062102	0.097134	0.093548	0.119792	0.080386	0.109524	0.108626	0.131746	0.095238	0.125397	0.128571	0.130159	0.137380	0.125397	0.116987	0.119808	0.124204	0.084127	0.113712	0.130573	0.125397	0.133871	0.131746	0.127796	0.074675	0.237458	0.085987	0.126198	0.108626	0.121019	0.136508	0.103503	0.120635	0.202572	0.208065	0.209003	0.214744	0.190939	0.221865	0.195161	0.095541	0.160772	0.158576	0.173077	0.172026	0.173633	0.170418	0.173567	0.172524	0.180511	0.162379	0.174679	0.170927	0.118590	0.167732	0.173770	0.178105	0.139610	0.168810	0.081470	0.125397	0.123794	0.107937	0.111111
Dibbas      	0.140777	0.076797	0.061889	0.121359	0.076052	0.093851	0.115260	0.134304	0.142157	0.064935	0.100000	0.068182	0.127869	0.118123	0.141914	0.110749	0.076299	0.257377	0.269231	0.233660	0.263605	0.267327	0.267559	0.076052	0.066343	0.055375	0.129870	0.000000	0.055016	0.071895	0.126623	0.043974	0.067961	0.037459	0.053398	0.085859	0.049342	0.086039	0.047231	0.054608	0.065371	0.136364	0.086039	0.086885	0.059859	0.109836	0.066343	0.066558	0.066343	0.155340	0.061489	0.058252	0.053398	0.050325	0.056634	0.055556	0.060261	0.060065	0.131068	0.061224	0.069805	0.064725	0.065574	0.074434	0.086319	0.135314	0.240678	0.085761	0.058442	0.076547	0.081169	0.061688	0.084416	0.059871	0.200980	0.198361	0.200000	0.200326	0.186469	0.211475	0.180328	0.131494	0.225490	0.226974	0.236156	0.232787	0.232026	0.233660	0.233766	0.233766	0.239414	0.222222	0.233660	0.228013	0.171010	0.223127	0.226667	0.234219	0.175497	0.225490	0.118893	0.061489	0.062295	0.097087	0.069579
Ebrahimi    	0.123810	0.076923	0.068690	0.119048	0.061905	0.092063	0.106688	0.126984	0.128617	0.041401	0.091503	0.070064	0.123794	0.103175	0.129450	0.097444	0.055732	0.259677	0.266447	0.237179	0.261667	0.266990	0.262295	0.073016	0.041401	0.059105	0.119427	0.055016	0.000000	0.054487	0.113057	0.057508	0.050794	0.049521	0.053968	0.084158	0.051780	0.082803	0.052716	0.042088	0.062937	0.133758	0.082803	0.085484	0.032986	0.101286	0.038095	0.067093	0.053968	0.141270	0.038095	0.047619	0.058730	0.055911	0.053968	0.040064	0.041534	0.065287	0.131746	0.060201	0.068471	0.038095	0.041801	0.050794	0.087859	0.121753	0.241667	0.084127	0.059105	0.065495	0.071656	0.049363	0.060510	0.023810	0.205788	0.201613	0.204180	0.207668	0.189320	0.217042	0.185484	0.121019	0.226688	0.226537	0.235577	0.234727	0.231511	0.231511	0.234076	0.231629	0.239617	0.220257	0.233974	0.228435	0.173077	0.223642	0.231148	0.236928	0.176948	0.226688	0.121406	0.073016	0.051447	0.111111	0.041270
Ewent_ayob  	0.138978	0.067524	0.075563	0.127796	0.068690	0.091054	0.128205	0.135783	0.144013	0.060897	0.072368	0.084936	0.134304	0.113419	0.143322	0.117363	0.011182	0.269481	0.274086	0.251613	0.268456	0.275244	0.273927	0.079872	0.073718	0.062701	0.131410	0.071895	0.054487	0.000000	0.121795	0.064309	0.060703	0.072347	0.047923	0.069767	0.061889	0.094551	0.059486	0.062712	0.070423	0.142628	0.092949	0.097403	0.061189	0.098706	0.067093	0.083601	0.054313	0.156550	0.054313	0.049521	0.075080	0.062701	0.063898	0.066129	0.051447	0.070513	0.134185	0.065657	0.062500	0.054313	0.048701	0.054313	0.101286	0.140523	0.251678	0.088141	0.085209	0.062701	0.065705	0.064103	0.073718	0.049521	0.202265	0.214286	0.211974	0.222581	0.197068	0.228155	0.183442	0.108974	0.231392	0.231270	0.240323	0.239482	0.237864	0.236246	0.238782	0.237942	0.245981	0.226537	0.240323	0.234727	0.175806	0.229904	0.237624	0.241776	0.186275	0.231392	0.123794	0.073482	0.064516	0.113419	0.068690
Fagous      	0.128571	0.133013	0.110224	0.130159	0.095238	0.115873	0.098413	0.125397	0.118971	0.119427	0.131922	0.122611	0.110932	0.115873	0.098706	0.100639	0.121019	0.260450	0.264803	0.235577	0.259136	0.266129	0.261438	0.122222	0.106688	0.119808	0.106688	0.126623	0.113057	0.121795	0.000000	0.118211	0.103175	0.127796	0.131746	0.116776	0.131068	0.093949	0.134185	0.116162	0.132867	0.132166	0.121019	0.116129	0.112457	0.083601	0.112698	0.111821	0.125397	0.082540	0.119048	0.122222	0.120635	0.130990	0.122222	0.118590	0.123003	0.117834	0.092063	0.122074	0.127389	0.115873	0.130645	0.112698	0.095847	0.116883	0.243333	0.105096	0.113419	0.119808	0.095541	0.119427	0.113057	0.117460	0.194534	0.201613	0.202572	0.206731	0.184466	0.217042	0.167742	0.132166	0.205788	0.203883	0.211538	0.209003	0.210611	0.209003	0.213376	0.210863	0.215655	0.202572	0.213141	0.210863	0.128205	0.201278	0.216393	0.215686	0.144481	0.205788	0.113419	0.122222	0.110932	0.077778	0.117460
Fard4       	0.127389	0.073955	0.070513	0.128981	0.063694	0.085987	0.113419	0.136943	0.127419	0.060703	0.093443	0.068690	0.122186	0.121019	0.136364	0.108974	0.068690	0.257282	0.268212	0.236334	0.260870	0.269481	0.271382	0.070064	0.067093	0.062500	0.123003	0.043974	0.057508	0.064309	0.118211	0.000000	0.060510	0.033654	0.044586	0.086093	0.063312	0.091054	0.059295	0.060811	0.057895	0.132588	0.087580	0.093548	0.060976	0.101613	0.060510	0.063898	0.054140	0.143312	0.060510	0.063694	0.065287	0.062500	0.065287	0.065916	0.059295	0.052716	0.135350	0.065436	0.059105	0.066879	0.058252	0.052548	0.088141	0.134740	0.244966	0.091054	0.068910	0.070513	0.071885	0.059105	0.070288	0.050955	0.203226	0.199029	0.201613	0.205788	0.183442	0.216129	0.173139	0.127796	0.227419	0.227273	0.236334	0.235484	0.233871	0.232258	0.234824	0.233974	0.241987	0.222581	0.236334	0.230769	0.157556	0.227564	0.231908	0.236066	0.169381	0.227419	0.124601	0.063694	0.058065	0.100318	0.065287
Faslee      	0.117089	0.060703	0.060510	0.106013	0.055380	0.085443	0.106349	0.126582	0.107372	0.060317	0.091205	0.079365	0.108974	0.113924	0.119355	0.103503	0.061905	0.254019	0.261513	0.230032	0.254153	0.262903	0.261438	0.088608	0.044444	0.070064	0.103175	0.067961	0.050794	0.060703	0.103175	0.060510	0.000000	0.068471	0.060127	0.088816	0.070968	0.079365	0.068471	0.060403	0.052265	0.117460	0.053968	0.078778	0.065744	0.094551	0.034810	0.068471	0.041139	0.128165	0.060127	0.056962	0.071203	0.068471	0.063291	0.062300	0.058917	0.074603	0.121835	0.073333	0.049206	0.037975	0.054662	0.053797	0.093949	0.113269	0.236667	0.068254	0.063694	0.073248	0.074603	0.068254	0.050794	0.052215	0.192308	0.196141	0.197115	0.201278	0.179032	0.211538	0.165595	0.120635	0.221154	0.219355	0.230032	0.227564	0.225962	0.224359	0.226984	0.226115	0.234076	0.214744	0.228435	0.222930	0.162939	0.218153	0.225490	0.231270	0.160194	0.221154	0.108280	0.085443	0.064103	0.098101	0.039557
Gajar       	0.128981	0.075321	0.080128	0.133758	0.070064	0.097134	0.111821	0.132166	0.145161	0.062300	0.093443	0.081470	0.124194	0.122611	0.146104	0.110577	0.070288	0.260518	0.266556	0.239550	0.259197	0.267857	0.264803	0.074841	0.068690	0.060897	0.137380	0.037459	0.049521	0.072347	0.127796	0.033654	0.068471	0.000000	0.046178	0.089404	0.058442	0.099042	0.060897	0.052013	0.066667	0.140575	0.094249	0.098706	0.057491	0.108065	0.062102	0.065705	0.058917	0.149682	0.062102	0.068471	0.063694	0.060897	0.068471	0.064309	0.064103	0.054313	0.133758	0.070470	0.063898	0.065287	0.055016	0.055732	0.092949	0.136364	0.247492	0.095847	0.059295	0.081731	0.081470	0.057508	0.081470	0.057325	0.208065	0.200000	0.202572	0.203526	0.187702	0.213826	0.190939	0.129393	0.227419	0.227273	0.237942	0.235484	0.233871	0.233871	0.236422	0.235577	0.243590	0.224194	0.237942	0.232372	0.168810	0.227564	0.231148	0.236066	0.169381	0.227419	0.126603	0.068471	0.069355	0.113057	0.066879
Halawy      	0.142405	0.070288	0.084395	0.137658	0.077532	0.098101	0.115873	0.148734	0.145833	0.050794	0.109121	0.079365	0.141026	0.126582	0.148387	0.117834	0.052381	0.274920	0.281250	0.252396	0.275748	0.283871	0.279412	0.082278	0.071429	0.052548	0.138095	0.053398	0.053968	0.047923	0.131746	0.044586	0.060127	0.046178	0.000000	0.097039	0.043548	0.098413	0.042994	0.068792	0.062718	0.152381	0.082540	0.106109	0.067474	0.116987	0.063291	0.078025	0.050633	0.159810	0.044304	0.053797	0.064873	0.044586	0.056962	0.065495	0.047771	0.065079	0.140823	0.073333	0.039683	0.066456	0.028939	0.053797	0.097134	0.145631	0.256667	0.100000	0.070064	0.079618	0.077778	0.068254	0.079365	0.049051	0.209936	0.207395	0.206731	0.217252	0.196774	0.224359	0.192926	0.133333	0.237179	0.240323	0.246006	0.246795	0.246795	0.245192	0.246032	0.246815	0.253185	0.235577	0.247604	0.242038	0.180511	0.237261	0.243464	0.245928	0.182848	0.237179	0.140127	0.069620	0.073718	0.117089	0.064873
Hamria      	0.128289	0.079734	0.096026	0.111842	0.092105	0.101974	0.121711	0.110197	0.123333	0.085809	0.035117	0.089109	0.114618	0.087171	0.138796	0.095710	0.074257	0.260797	0.267007	0.242525	0.259450	0.266667	0.265203	0.100329	0.094059	0.097682	0.120066	0.085859	0.084158	0.069767	0.116776	0.086093	0.088816	0.089404	0.097039	0.000000	0.086957	0.108553	0.086093	0.070934	0.101449	0.136513	0.102310	0.110000	0.087814	0.104651	0.097039	0.077815	0.095395	0.138158	0.088816	0.077303	0.087171	0.086093	0.083882	0.083056	0.087459	0.084158	0.125000	0.076125	0.089109	0.087171	0.090301	0.090461	0.109272	0.137584	0.250000	0.097360	0.105960	0.044554	0.082237	0.098684	0.092409	0.085526	0.212625	0.214047	0.219269	0.215947	0.204013	0.226667	0.190635	0.092105	0.225914	0.224080	0.234219	0.232558	0.230897	0.228333	0.232673	0.230132	0.238411	0.223333	0.235880	0.231788	0.161130	0.223510	0.235593	0.236486	0.168350	0.225914	0.105960	0.069079	0.076412	0.103618	0.101974
Hawawiri    	0.135484	0.073290	0.074434	0.125806	0.074194	0.090323	0.116505	0.135484	0.144481	0.038835	0.106312	0.059871	0.133987	0.120968	0.149671	0.115260	0.058252	0.264706	0.270000	0.243506	0.263514	0.271382	0.270764	0.080645	0.070968	0.043831	0.137540	0.049342	0.051780	0.061889	0.131068	0.063312	0.070968	0.058442	0.043548	0.086957	0.000000	0.100324	0.012987	0.052901	0.068662	0.144013	0.097087	0.094771	0.061620	0.117647	0.072581	0.076299	0.058065	0.159677	0.037097	0.038710	0.048387	0.004839	0.022581	0.035831	0.046926	0.064516	0.141935	0.050847	0.061290	0.048387	0.042623	0.066129	0.084416	0.136964	0.247475	0.087379	0.059871	0.073052	0.084142	0.058252	0.082524	0.056452	0.205212	0.202614	0.203583	0.208469	0.191803	0.221498	0.187296	0.131068	0.225490	0.229508	0.237785	0.235294	0.236156	0.236156	0.236246	0.237864	0.243506	0.226384	0.237785	0.232143	0.180195	0.227273	0.233333	0.235880	0.179276	0.227124	0.126623	0.058065	0.065359	0.114516	0.077419
Hayany      	0.139683	0.099359	0.084665	0.131746	0.082540	0.098413	0.106688	0.136508	0.135048	0.084395	0.122150	0.093949	0.129808	0.126984	0.127419	0.123003	0.097134	0.269355	0.280528	0.250000	0.275000	0.281553	0.280328	0.107937	0.089172	0.094249	0.119427	0.086039	0.082803	0.094551	0.093949	0.091054	0.079365	0.099042	0.098413	0.108553	0.100324	0.000000	0.099042	0.077441	0.092657	0.136508	0.093949	0.070740	0.081597	0.084936	0.088889	0.084665	0.079365	0.144444	0.084127	0.080952	0.101587	0.099042	0.090476	0.081731	0.094249	0.097134	0.106349	0.091973	0.090764	0.077778	0.091935	0.085714	0.105431	0.136364	0.252508	0.081210	0.103834	0.095847	0.052381	0.076433	0.108280	0.084127	0.196141	0.204839	0.200965	0.208333	0.187702	0.215434	0.182258	0.130573	0.235577	0.233871	0.245192	0.241987	0.240385	0.239550	0.243631	0.241214	0.249201	0.229904	0.243590	0.238019	0.174679	0.234824	0.240196	0.245928	0.185065	0.235577	0.113419	0.095238	0.072347	0.082540	0.090476
Helwa       	0.133758	0.072347	0.076923	0.130573	0.079618	0.093949	0.121406	0.144904	0.138710	0.046178	0.104575	0.065495	0.133871	0.122611	0.152597	0.118590	0.063898	0.263754	0.268977	0.245981	0.267442	0.273463	0.273770	0.081210	0.063898	0.048077	0.134185	0.047231	0.052716	0.059486	0.134185	0.059295	0.068471	0.060897	0.042994	0.086093	0.012987	0.099042	0.000000	0.053872	0.069930	0.143770	0.094249	0.093851	0.059233	0.117742	0.071656	0.076923	0.055732	0.162420	0.042994	0.036624	0.047771	0.012821	0.027070	0.038585	0.051282	0.063898	0.146497	0.055000	0.057508	0.049363	0.042071	0.065287	0.092949	0.137987	0.251678	0.089457	0.065705	0.070513	0.084665	0.057508	0.083067	0.054140	0.211290	0.208738	0.209677	0.217042	0.198052	0.227419	0.190939	0.130990	0.229032	0.233766	0.239550	0.238710	0.240323	0.240323	0.239617	0.241987	0.246795	0.230645	0.241158	0.235577	0.181672	0.230769	0.235197	0.237705	0.185668	0.229032	0.123003	0.062102	0.062701	0.116242	0.074841
Hilali      	0.120805	0.054054	0.062500	0.127517	0.068792	0.097315	0.101010	0.117450	0.135593	0.047138	0.075862	0.058923	0.122449	0.102349	0.134354	0.092905	0.058923	0.244027	0.248252	0.223729	0.244755	0.248288	0.253472	0.057047	0.053872	0.052365	0.127946	0.054608	0.042088	0.062712	0.116162	0.060811	0.060403	0.052013	0.068792	0.070934	0.052901	0.077441	0.053872	0.000000	0.073529	0.139731	0.085859	0.078231	0.043636	0.089831	0.055369	0.063973	0.050336	0.145973	0.045302	0.036913	0.035235	0.054054	0.046980	0.042373	0.057239	0.062290	0.127517	0.059859	0.074074	0.035235	0.050676	0.055369	0.082492	0.122449	0.238516	0.080808	0.062290	0.065657	0.067340	0.048822	0.070707	0.050336	0.194915	0.195946	0.199324	0.199324	0.183051	0.205085	0.171769	0.120805	0.220339	0.218430	0.231419	0.226190	0.224490	0.226190	0.228956	0.228041	0.236486	0.219388	0.233898	0.228041	0.167797	0.219595	0.227586	0.229310	0.178694	0.218644	0.104730	0.062081	0.047138	0.109060	0.058725
Hiri        	0.144599	0.066901	0.077193	0.121951	0.088850	0.092334	0.122378	0.151568	0.139085	0.064460	0.103943	0.083916	0.139576	0.121951	0.151246	0.119298	0.071678	0.258865	0.258123	0.242105	0.253623	0.260638	0.259857	0.088850	0.062937	0.077193	0.124126	0.065371	0.062937	0.070423	0.132867	0.057895	0.052265	0.066667	0.062718	0.101449	0.068662	0.092657	0.069930	0.073529	0.000000	0.148601	0.096154	0.099291	0.063670	0.114035	0.066202	0.073684	0.054007	0.158537	0.062718	0.071429	0.083624	0.066667	0.069686	0.054577	0.043706	0.076655	0.148084	0.072993	0.055749	0.062718	0.056738	0.074913	0.090909	0.139286	0.261905	0.082168	0.077193	0.087719	0.080420	0.071678	0.090592	0.054007	0.198944	0.209220	0.206714	0.214789	0.188612	0.222615	0.180212	0.143357	0.231449	0.228723	0.241197	0.236749	0.234982	0.233216	0.236014	0.235088	0.243860	0.222615	0.237676	0.231579	0.179577	0.226316	0.234657	0.241007	0.181495	0.231449	0.127622	0.088850	0.077465	0.111498	0.069686
