  105
Abel        	0.000000	0.141156	0.158703	0.100340	0.134354	0.122449	0.133106	0.132653	0.103093	0.136986	0.142612	0.158163	0.090136	0.109589	0.112457	0.114726	0.145051	0.259582	0.278777	0.253521	0.271218	0.261404	0.259717	0.147959	0.148464	0.160410	0.083618	0.173010	0.141156	0.147766	0.132653	0.146259	0.151361	0.143345	0.163265	0.124126	0.152921	0.170648	0.149485	0.139286	0.160448	0.109215	0.136519	0.131944	0.153430	0.131579	0.143345	0.147959	0.141638	0.085324	0.143345	0.129252	0.134354	0.153584	0.146259	0.155290	0.139175	0.154110	0.101375	0.148214	0.167808	0.148464	0.148276	0.141156	0.156357	0.079310	0.277385	0.120748	0.150685	0.132653	0.148464	0.137755	0.138699	0.146259	0.206186	0.187931	0.194158	0.192440	0.180412	0.193103	0.185764	0.064846	0.147260	0.148276	0.139932	0.137457	0.143836	0.148464	0.145548	0.146758	0.143836	0.139932	0.138225	0.141638	0.134812	0.136986	0.140625	0.138408	0.123288	0.142123	0.098976	0.136986	0.132302	0.159864	0.142857
Abouman     	0.141156	0.000000	0.094595	0.121622	0.062290	0.111486	0.091525	0.119932	0.130952	0.067797	0.088737	0.090909	0.116162	0.115646	0.154110	0.088737	0.057432	0.253448	0.273214	0.238676	0.263736	0.256944	0.251748	0.084175	0.077703	0.087838	0.128814	0.087329	0.062500	0.062925	0.099327	0.075758	0.062290	0.069257	0.063973	0.090278	0.068027	0.076014	0.068259	0.063604	0.060886	0.147458	0.103041	0.089347	0.048214	0.109375	0.084459	0.094595	0.048986	0.137288	0.067568	0.057239	0.057239	0.074324	0.074074	0.084459	0.061224	0.077966	0.141638	0.097518	0.057627	0.052365	0.051195	0.062290	0.086735	0.119863	0.281469	0.070707	0.088136	0.070946	0.077703	0.079125	0.094915	0.063973	0.175170	0.160410	0.168367	0.161565	0.151361	0.158703	0.143103	0.121622	0.227891	0.231164	0.229730	0.226190	0.236395	0.239865	0.232082	0.235593	0.229592	0.231419	0.227119	0.227119	0.172881	0.219388	0.228374	0.231959	0.192833	0.226190	0.138514	0.071186	0.071429	0.092593	0.085859
Ajwa        	0.158703	0.094595	0.000000	0.118644	0.076014	0.083051	0.096939	0.106780	0.112628	0.079932	0.083904	0.089527	0.104730	0.110922	0.134021	0.101027	0.074324	0.253448	0.275000	0.238676	0.265568	0.253472	0.255245	0.055743	0.071186	0.067797	0.115646	0.084192	0.067797	0.073379	0.096284	0.076014	0.067568	0.084746	0.087838	0.076655	0.076792	0.071186	0.077055	0.069149	0.066667	0.125850	0.088136	0.063793	0.068100	0.109756	0.081356	0.083051	0.081356	0.127551	0.074576	0.086149	0.081081	0.079661	0.079392	0.083051	0.078498	0.083333	0.128425	0.072695	0.081633	0.067797	0.087031	0.074324	0.075085	0.123711	0.267483	0.072635	0.064407	0.088136	0.079661	0.067568	0.090136	0.074324	0.170648	0.155822	0.162116	0.153584	0.148464	0.157534	0.131488	0.144068	0.215017	0.211340	0.215254	0.211604	0.218430	0.225424	0.214041	0.222789	0.216724	0.216949	0.212585	0.209184	0.161565	0.204778	0.206597	0.215517	0.178082	0.209898	0.120339	0.088435	0.078231	0.084459	0.086149
Alig        	0.100340	0.121622	0.118644	0.000000	0.113176	0.096610	0.124150	0.092905	0.068259	0.115646	0.119454	0.138514	0.074324	0.108844	0.115120	0.104096	0.110169	0.261246	0.279570	0.250000	0.273897	0.266551	0.263158	0.128378	0.111864	0.125424	0.085034	0.123711	0.106780	0.110922	0.126689	0.126689	0.119932	0.123729	0.135135	0.102431	0.122867	0.127119	0.118151	0.106383	0.120370	0.100340	0.094915	0.106897	0.112903	0.118467	0.115254	0.111486	0.123729	0.100000	0.111864	0.108108	0.114865	0.123729	0.114865	0.120339	0.105802	0.129252	0.106164	0.117021	0.137755	0.116949	0.126712	0.113176	0.121160	0.087329	0.273684	0.094595	0.119048	0.104730	0.115254	0.113176	0.117347	0.125000	0.206485	0.184932	0.191126	0.182594	0.177474	0.186644	0.166090	0.088136	0.158703	0.154639	0.169492	0.172355	0.175768	0.179661	0.174658	0.177966	0.175170	0.174576	0.166667	0.170068	0.132653	0.162116	0.164931	0.170690	0.133106	0.175170	0.098305	0.112245	0.110922	0.130068	0.116554
Amir_haj    	0.134354	0.062290	0.076014	0.113176	0.000000	0.086149	0.064407	0.087838	0.095238	0.045763	0.083618	0.085859	0.087542	0.107143	0.135274	0.088737	0.059122	0.255172	0.269643	0.229965	0.263736	0.258681	0.253497	0.085859	0.059122	0.079392	0.120339	0.082192	0.043919	0.057823	0.077441	0.063973	0.047138	0.067568	0.072391	0.086806	0.069728	0.067568	0.066553	0.058304	0.068266	0.120339	0.077703	0.068729	0.050000	0.088542	0.055743	0.062500	0.047297	0.118644	0.045608	0.058923	0.062290	0.076014	0.069024	0.082770	0.059524	0.069492	0.112628	0.085106	0.079661	0.060811	0.059727	0.043771	0.066327	0.106164	0.274476	0.062290	0.066102	0.069257	0.069257	0.047138	0.055932	0.069024	0.154762	0.148464	0.154762	0.146259	0.137755	0.150171	0.120690	0.123311	0.215986	0.217466	0.219595	0.215986	0.224490	0.229730	0.220137	0.225424	0.219388	0.222973	0.216949	0.216949	0.154237	0.209184	0.217993	0.221649	0.175768	0.217687	0.116554	0.062712	0.056122	0.067340	0.057239
Aseel       	0.122449	0.111486	0.083051	0.096610	0.086149	0.000000	0.108844	0.105085	0.107509	0.098639	0.107877	0.113176	0.082770	0.110922	0.121993	0.088737	0.086441	0.242215	0.260714	0.232517	0.250916	0.243902	0.242105	0.094595	0.098305	0.098305	0.107143	0.108247	0.089527	0.090444	0.103041	0.092905	0.099662	0.100000	0.108108	0.095819	0.104096	0.100000	0.098976	0.090426	0.101852	0.096939	0.089831	0.077586	0.084229	0.099303	0.096610	0.089831	0.100000	0.108844	0.091525	0.091216	0.104730	0.105085	0.097973	0.105085	0.087031	0.098639	0.117747	0.110320	0.119048	0.096610	0.101027	0.082770	0.085324	0.103093	0.264912	0.077703	0.090136	0.096610	0.091525	0.076014	0.102041	0.097973	0.182594	0.174658	0.180887	0.172355	0.167235	0.176370	0.148789	0.128814	0.188776	0.182131	0.188136	0.182594	0.189420	0.193220	0.187713	0.190476	0.187713	0.188136	0.186441	0.183673	0.135593	0.178571	0.181661	0.186207	0.165529	0.182594	0.105085	0.090136	0.095563	0.096284	0.103041
P1_rOPbAL1  	0.133106	0.091525	0.096939	0.124150	0.064407	0.108844	0.000000	0.113946	0.123288	0.085324	0.106529	0.100000	0.110169	0.099315	0.125862	0.106529	0.095238	0.253472	0.273381	0.238596	0.267528	0.258741	0.257042	0.101695	0.074830	0.108844	0.120748	0.103448	0.074830	0.101027	0.064407	0.079661	0.088136	0.076531	0.093220	0.096154	0.094178	0.083333	0.094502	0.090747	0.087361	0.132653	0.091837	0.093103	0.071942	0.094406	0.081633	0.091837	0.085034	0.104096	0.083333	0.091525	0.096610	0.096939	0.094915	0.105442	0.080479	0.090444	0.099656	0.108929	0.100683	0.091837	0.087629	0.071186	0.085616	0.118966	0.272887	0.084746	0.076792	0.098639	0.081633	0.084746	0.088737	0.084746	0.155822	0.144330	0.152397	0.143836	0.138699	0.146048	0.122837	0.124150	0.207192	0.206186	0.207483	0.207192	0.213311	0.217687	0.212329	0.213311	0.210616	0.209184	0.204778	0.207483	0.150171	0.196918	0.208333	0.209622	0.173540	0.207192	0.132653	0.095563	0.083904	0.062712	0.083051
CAP50bhOA1  	0.132653	0.119932	0.106780	0.092905	0.087838	0.105085	0.113946	0.000000	0.088737	0.113946	0.121160	0.123311	0.076014	0.100340	0.104811	0.092150	0.108475	0.245675	0.263441	0.222028	0.257353	0.249129	0.247368	0.113176	0.100000	0.116949	0.113946	0.127148	0.094915	0.112628	0.101351	0.104730	0.104730	0.105085	0.126689	0.118056	0.114334	0.111864	0.121575	0.109929	0.109259	0.119048	0.106780	0.075862	0.107527	0.106272	0.100000	0.089527	0.105085	0.084746	0.110169	0.113176	0.113176	0.120339	0.116554	0.120339	0.104096	0.113946	0.121575	0.122340	0.130952	0.115254	0.123288	0.108108	0.097270	0.075342	0.252632	0.069257	0.108844	0.116554	0.110169	0.104730	0.110544	0.123311	0.184300	0.169521	0.175768	0.167235	0.162116	0.174658	0.159170	0.133898	0.153584	0.152921	0.150847	0.150171	0.156997	0.161017	0.152397	0.159322	0.153061	0.162712	0.151361	0.151361	0.107143	0.143345	0.149306	0.156897	0.131399	0.153061	0.120339	0.119048	0.112628	0.111486	0.101351
Aziza       	0.103093	0.130952	0.112628	0.068259	0.095238	0.107509	0.123288	0.088737	0.000000	0.116438	0.118966	0.134354	0.066327	0.125430	0.103806	0.108621	0.127986	0.273519	0.291367	0.256140	0.282288	0.268421	0.271127	0.124150	0.110922	0.145051	0.090753	0.136678	0.105802	0.128866	0.122449	0.115646	0.115646	0.129693	0.139456	0.108772	0.125000	0.134812	0.124138	0.124555	0.113383	0.094178	0.104096	0.093750	0.120504	0.114035	0.114334	0.107509	0.116041	0.094178	0.119454	0.125850	0.127551	0.129693	0.127551	0.129693	0.123711	0.117747	0.105172	0.129032	0.139932	0.122867	0.127148	0.122449	0.127148	0.096886	0.278169	0.090136	0.114726	0.090444	0.109215	0.119048	0.109589	0.130952	0.187285	0.180412	0.180412	0.182131	0.176370	0.186207	0.148084	0.104096	0.166667	0.162630	0.175768	0.173540	0.180412	0.184300	0.175862	0.183219	0.176976	0.179181	0.171233	0.171233	0.128425	0.166667	0.171329	0.177083	0.142612	0.178694	0.095563	0.125000	0.120275	0.129252	0.110544
zr9q_az3aq  	0.136986	0.067797	0.079932	0.115646	0.045763	0.098639	0.085324	0.113946	0.116438	0.000000	0.080756	0.072881	0.105085	0.106164	0.155172	0.115120	0.061224	0.251736	0.268817	0.242105	0.263736	0.255208	0.252632	0.089831	0.064626	0.078231	0.112628	0.084483	0.047619	0.061644	0.101695	0.074576	0.061017	0.073129	0.066102	0.082168	0.056507	0.090136	0.059932	0.062278	0.072222	0.121160	0.091837	0.088235	0.053957	0.111888	0.062925	0.073129	0.059524	0.134812	0.013605	0.061017	0.066102	0.059524	0.052542	0.062925	0.058020	0.069966	0.138699	0.074733	0.076792	0.061224	0.049828	0.059322	0.087329	0.111684	0.272887	0.088136	0.066553	0.073129	0.069728	0.057627	0.068259	0.066102	0.169521	0.159794	0.166096	0.157534	0.150685	0.163230	0.133681	0.117347	0.210616	0.213793	0.214286	0.210616	0.220890	0.224490	0.216495	0.220137	0.214041	0.217687	0.211604	0.213311	0.165529	0.203767	0.214286	0.217993	0.183849	0.212329	0.122034	0.049488	0.046233	0.098305	0.062712
Barmel      	0.142612	0.088737	0.083904	0.119454	0.083618	0.107877	0.106529	0.121160	0.118966	0.080756	0.000000	0.095563	0.116041	0.075342	0.149306	0.115517	0.071918	0.243007	0.269928	0.238516	0.257407	0.245614	0.247350	0.085324	0.071918	0.099315	0.134021	0.086806	0.061644	0.067241	0.110922	0.078498	0.090444	0.082192	0.087031	0.031469	0.091379	0.102740	0.083045	0.069892	0.089552	0.128866	0.097603	0.093750	0.072464	0.110915	0.071918	0.061433	0.090753	0.142123	0.082192	0.081911	0.088737	0.092466	0.090444	0.087329	0.070690	0.084192	0.136678	0.093190	0.092784	0.083904	0.083045	0.080205	0.091379	0.131488	0.258865	0.105802	0.094502	0.051195	0.087329	0.081911	0.089347	0.066553	0.179310	0.162630	0.167241	0.163793	0.160345	0.171280	0.141608	0.106164	0.198276	0.197917	0.203767	0.201724	0.208621	0.214041	0.204152	0.212329	0.206186	0.208904	0.201031	0.201031	0.154639	0.201724	0.203509	0.202091	0.181034	0.206186	0.130137	0.085911	0.075862	0.112628	0.073379
Began       	0.158163	0.090909	0.089527	0.138514	0.085859	0.113176	0.100000	0.123311	0.134354	0.072881	0.095563	0.000000	0.122896	0.119048	0.150685	0.116041	0.089527	0.255172	0.276786	0.236934	0.263736	0.262153	0.258741	0.101010	0.081081	0.097973	0.132203	0.083904	0.070946	0.090136	0.106061	0.082492	0.092593	0.079392	0.087542	0.097222	0.061224	0.099662	0.066553	0.079505	0.084871	0.145763	0.113176	0.094502	0.080357	0.116319	0.087838	0.097973	0.076014	0.137288	0.070946	0.080808	0.087542	0.064189	0.060606	0.070946	0.079932	0.084746	0.134812	0.063830	0.091525	0.076014	0.080205	0.089226	0.086735	0.130137	0.263986	0.101010	0.076271	0.094595	0.094595	0.075758	0.101695	0.087542	0.168367	0.150171	0.159864	0.158163	0.149660	0.155290	0.132759	0.135135	0.221088	0.215753	0.216216	0.215986	0.221088	0.222973	0.221843	0.218644	0.219388	0.217905	0.215254	0.218644	0.167797	0.210884	0.214533	0.216495	0.189420	0.215986	0.138514	0.071186	0.081633	0.099327	0.092593
yser_hkloo  	0.090136	0.116162	0.104730	0.074324	0.087542	0.082770	0.110169	0.076014	0.066327	0.105085	0.116041	0.122896	0.000000	0.119048	0.078767	0.076792	0.108108	0.246552	0.260714	0.222997	0.254579	0.246528	0.244755	0.112795	0.094595	0.119932	0.057627	0.128425	0.101351	0.112245	0.090909	0.104377	0.104377	0.101351	0.129630	0.107639	0.117347	0.108108	0.116041	0.111307	0.118081	0.067797	0.094595	0.079038	0.105357	0.093750	0.101351	0.094595	0.104730	0.076271	0.108108	0.112795	0.112795	0.119932	0.122896	0.123311	0.110544	0.116949	0.075085	0.115248	0.133898	0.111486	0.121160	0.090909	0.095238	0.058219	0.255245	0.065657	0.101695	0.111486	0.109797	0.107744	0.096610	0.122896	0.176871	0.172355	0.178571	0.170068	0.164966	0.174061	0.153448	0.092905	0.156463	0.154110	0.157095	0.154762	0.161565	0.167230	0.156997	0.164407	0.158163	0.160473	0.154237	0.152542	0.100000	0.147959	0.150519	0.158076	0.126280	0.154762	0.084459	0.105085	0.119048	0.104377	0.101010
Biddajaj    	0.109589	0.115646	0.110922	0.108844	0.107143	0.110922	0.099315	0.100340	0.125430	0.106164	0.075342	0.119048	0.119048	0.000000	0.110727	0.111684	0.102389	0.252613	0.276173	0.250000	0.267528	0.256993	0.255282	0.112245	0.102389	0.122867	0.125000	0.124567	0.092150	0.097938	0.093537	0.100340	0.120748	0.102389	0.117347	0.071429	0.116838	0.127551	0.112069	0.100000	0.109665	0.133562	0.131399	0.105536	0.092058	0.117544	0.109215	0.095238	0.121160	0.097270	0.104096	0.108844	0.115646	0.117747	0.115646	0.114334	0.091065	0.107877	0.124138	0.112500	0.125000	0.117747	0.120690	0.103741	0.106529	0.112069	0.268551	0.108844	0.116438	0.095238	0.115646	0.107143	0.116438	0.100340	0.194158	0.175862	0.178694	0.173540	0.164948	0.181034	0.159722	0.116041	0.173540	0.178201	0.170648	0.170103	0.178694	0.180887	0.174138	0.179181	0.172945	0.179181	0.171233	0.172945	0.143836	0.170103	0.173077	0.177083	0.154639	0.172945	0.122867	0.104452	0.108247	0.132653	0.110544
uds_Raraqs  	0.112457	0.154110	0.134021	0.115120	0.135274	0.121993	0.125862	0.104811	0.103806	0.155172	0.149306	0.150685	0.078767	0.110727	0.000000	0.092014	0.146048	0.263158	0.290909	0.246454	0.279851	0.266784	0.266904	0.130137	0.142612	0.142612	0.105172	0.162021	0.139175	0.150519	0.092466	0.138699	0.143836	0.139175	0.157534	0.132509	0.150519	0.147766	0.151042	0.148746	0.148496	0.089655	0.137457	0.106272	0.138989	0.125000	0.146048	0.137457	0.149485	0.077586	0.152921	0.147260	0.147260	0.149485	0.147260	0.163230	0.141869	0.155172	0.083045	0.147482	0.163793	0.147766	0.151042	0.133562	0.131034	0.090592	0.272242	0.106164	0.127586	0.147766	0.142612	0.148973	0.153448	0.140411	0.186851	0.168403	0.174740	0.171280	0.167820	0.174740	0.166667	0.134021	0.150519	0.142857	0.127148	0.129758	0.133218	0.137457	0.131944	0.136207	0.133218	0.135739	0.127586	0.131034	0.100000	0.122837	0.121479	0.131119	0.112847	0.129758	0.120275	0.139655	0.158621	0.133562	0.150685
BouslKhine  	0.114726	0.088737	0.101027	0.104096	0.088737	0.088737	0.106529	0.092150	0.108621	0.115120	0.115517	0.116041	0.076792	0.111684	0.092014	0.000000	0.092466	0.241259	0.263538	0.217314	0.251852	0.241197	0.239362	0.107509	0.097603	0.107877	0.102740	0.123264	0.088737	0.100000	0.088737	0.105802	0.095563	0.106164	0.109215	0.107018	0.108621	0.109589	0.112069	0.096429	0.101124	0.121993	0.087329	0.071429	0.094203	0.096831	0.095890	0.097270	0.102740	0.095890	0.107877	0.095563	0.097270	0.111301	0.110922	0.125000	0.091379	0.103093	0.098276	0.112903	0.113402	0.111301	0.107266	0.083618	0.084192	0.091696	0.263251	0.059727	0.096220	0.105802	0.114726	0.105802	0.104811	0.098976	0.156897	0.150519	0.156897	0.151724	0.144828	0.150519	0.143357	0.128425	0.197595	0.194444	0.178082	0.172414	0.181034	0.186644	0.179310	0.184932	0.178694	0.178082	0.176370	0.175258	0.111301	0.168385	0.174825	0.177700	0.130584	0.173540	0.107877	0.103093	0.103448	0.098976	0.102389
Braim       	0.145051	0.057432	0.074324	0.110169	0.059122	0.086441	0.095238	0.108475	0.127986	0.061224	0.071918	0.089527	0.108108	0.102389	0.146048	0.092466	0.000000	0.250000	0.267857	0.233449	0.261905	0.253472	0.251748	0.072635	0.072881	0.052542	0.124150	0.084192	0.050847	0.006826	0.099662	0.072635	0.067568	0.067797	0.050676	0.073171	0.059727	0.074576	0.059932	0.051418	0.070370	0.127551	0.098305	0.082759	0.034050	0.114983	0.072881	0.074576	0.061017	0.136054	0.052542	0.048986	0.067568	0.062712	0.059122	0.072881	0.042662	0.073129	0.140411	0.079787	0.064626	0.061017	0.042662	0.050676	0.071672	0.113402	0.272727	0.076014	0.071186	0.066102	0.062712	0.050676	0.078231	0.050676	0.165529	0.157534	0.162116	0.156997	0.146758	0.154110	0.131488	0.118644	0.220137	0.219931	0.216949	0.213311	0.221843	0.227119	0.217466	0.222789	0.216724	0.220339	0.214286	0.214286	0.158163	0.206485	0.213542	0.218966	0.183219	0.213311	0.116949	0.061224	0.064626	0.091216	0.072635
XsRs_93115  	0.259582	0.253448	0.253448	0.261246	0.255172	0.242215	0.253472	0.245675	0.273519	0.251736	0.243007	0.255172	0.246552	0.252613	0.263158	0.241259	0.250000	0.000000	0.057554	0.091549	0.054945	0.052632	0.067376	0.251724	0.244828	0.256055	0.258681	0.259649	0.240484	0.249129	0.243103	0.253448	0.262069	0.238754	0.256897	0.233216	0.250871	0.264706	0.251748	0.248188	0.258491	0.248264	0.259516	0.257042	0.239927	0.254448	0.253448	0.257785	0.254325	0.251736	0.251724	0.246552	0.236207	0.256055	0.256897	0.257785	0.242160	0.248264	0.269231	0.271739	0.267361	0.243945	0.255208	0.243103	0.240418	0.247368	0.259786	0.255172	0.252595	0.252595	0.254325	0.258621	0.254325	0.250000	0.264808	0.246503	0.250871	0.222997	0.235192	0.250000	0.252650	0.257785	0.259582	0.255245	0.250865	0.247387	0.254355	0.261246	0.250000	0.256944	0.247387	0.249135	0.248264	0.244792	0.248264	0.247387	0.253521	0.249123	0.269231	0.246528	0.276817	0.255208	0.250000	0.248276	0.255172
nsfs_9311w  	0.278777	0.273214	0.275000	0.279570	0.269643	0.260714	0.273381	0.263441	0.291367	0.268817	0.269928	0.276786	0.260714	0.276173	0.290909	0.263538	0.267857	0.057554	0.000000	0.121864	0.011029	0.023466	0.028674	0.269643	0.260714	0.272401	0.275180	0.280000	0.260714	0.267148	0.264286	0.275000	0.280357	0.258065	0.278571	0.260073	0.266187	0.283154	0.267986	0.272556	0.276062	0.271583	0.280357	0.279197	0.254753	0.280443	0.269643	0.277778	0.274194	0.271583	0.269643	0.267857	0.255357	0.275986	0.278571	0.275986	0.259928	0.270609	0.296029	0.290262	0.286738	0.267025	0.275180	0.260714	0.259928	0.267148	0.280000	0.273214	0.272401	0.272401	0.277778	0.276786	0.270609	0.275000	0.290614	0.278986	0.285971	0.273381	0.271583	0.277978	0.280000	0.277778	0.277778	0.272563	0.275986	0.268953	0.276173	0.283154	0.274368	0.278777	0.268953	0.270609	0.272401	0.269784	0.270609	0.271583	0.276364	0.275547	0.288530	0.271583	0.296429	0.271583	0.275180	0.264286	0.271429
nsiY_93J21  	0.253521	0.238676	0.238676	0.250000	0.229965	0.232517	0.238596	0.222028	0.256140	0.242105	0.238516	0.236934	0.222997	0.250000	0.246454	0.217314	0.233449	0.091549	0.121864	0.000000	0.109890	0.122776	0.127208	0.236934	0.229965	0.236014	0.242105	0.241135	0.225524	0.235915	0.221254	0.231707	0.242160	0.220280	0.240418	0.229391	0.236842	0.241259	0.234982	0.238095	0.235849	0.242105	0.242160	0.240214	0.227778	0.237410	0.233449	0.237762	0.236014	0.231579	0.242160	0.233449	0.219512	0.243007	0.243902	0.243007	0.223592	0.227273	0.247350	0.252747	0.248252	0.232517	0.242105	0.224739	0.214789	0.226148	0.250896	0.231707	0.234266	0.237762	0.239510	0.242160	0.236014	0.238676	0.239437	0.224382	0.232394	0.203509	0.216549	0.227113	0.226786	0.246503	0.264085	0.259717	0.260490	0.255282	0.262324	0.269231	0.257951	0.264912	0.255282	0.256993	0.256140	0.252632	0.224561	0.255282	0.264286	0.261566	0.251761	0.256140	0.256993	0.240351	0.245614	0.224739	0.235192
enses_DP6b  	0.271218	0.263736	0.265568	0.273897	0.263736	0.250916	0.267528	0.257353	0.282288	0.263736	0.257407	0.263736	0.254579	0.267528	0.279851	0.251852	0.261905	0.054945	0.011029	0.109890	0.000000	0.020221	0.025641	0.260073	0.249084	0.262868	0.267528	0.268657	0.249084	0.261111	0.258242	0.261905	0.269231	0.248162	0.267399	0.247191	0.260148	0.277574	0.258303	0.257692	0.263780	0.263838	0.269231	0.269663	0.250000	0.271698	0.256410	0.262868	0.266544	0.263838	0.263736	0.261905	0.247253	0.266544	0.271062	0.264706	0.250923	0.259191	0.289668	0.280534	0.277574	0.257353	0.265683	0.254579	0.251852	0.259259	0.273408	0.267399	0.262868	0.262868	0.270221	0.267399	0.257353	0.263736	0.285185	0.263941	0.272222	0.258303	0.259259	0.264815	0.270522	0.270221	0.265683	0.259259	0.261029	0.253704	0.261111	0.268382	0.259259	0.263838	0.253704	0.255515	0.257353	0.254613	0.257353	0.256458	0.261194	0.259328	0.274908	0.256458	0.287546	0.262868	0.264706	0.260073	0.258242
s_JBMPL503  	0.261404	0.256944	0.253472	0.266551	0.258681	0.243902	0.258741	0.249129	0.268421	0.255208	0.245614	0.262153	0.246528	0.256993	0.266784	0.241197	0.253472	0.052632	0.023466	0.122776	0.020221	0.000000	0.019435	0.253472	0.239583	0.254355	0.258741	0.257951	0.238676	0.256140	0.250000	0.253472	0.260417	0.242160	0.258681	0.235816	0.251748	0.271777	0.254386	0.248175	0.254717	0.251748	0.257840	0.258865	0.239852	0.261649	0.248264	0.254355	0.259582	0.253497	0.255208	0.253472	0.246528	0.259582	0.262153	0.256098	0.243007	0.248252	0.278947	0.274545	0.263986	0.249129	0.258741	0.246528	0.245614	0.251761	0.267025	0.258681	0.252613	0.254355	0.259582	0.258681	0.247387	0.251736	0.264912	0.250000	0.257895	0.245614	0.245614	0.251761	0.260638	0.259582	0.256140	0.251761	0.249129	0.240351	0.249123	0.256098	0.244718	0.251748	0.240351	0.243902	0.243007	0.239510	0.241259	0.242105	0.252669	0.248227	0.265845	0.244755	0.276042	0.256993	0.255245	0.253472	0.248264
s_JEMPC_P9  	0.259717	0.251748	0.255245	0.263158	0.253497	0.242105	0.257042	0.247368	0.271127	0.252632	0.247350	0.258741	0.244755	0.255282	0.266904	0.239362	0.251748	0.067376	0.028674	0.127208	0.025641	0.019435	0.000000	0.253497	0.241259	0.254386	0.258803	0.254448	0.240351	0.250883	0.244755	0.250000	0.260490	0.236842	0.256993	0.237500	0.251761	0.266667	0.249117	0.250000	0.254717	0.251761	0.259649	0.258929	0.236059	0.261733	0.248252	0.254386	0.254386	0.251761	0.253497	0.251748	0.234266	0.257895	0.262238	0.257895	0.234982	0.247368	0.276596	0.269231	0.266667	0.250877	0.257042	0.244755	0.236749	0.249110	0.273381	0.256993	0.254386	0.252632	0.261404	0.258741	0.243860	0.253497	0.261484	0.248227	0.256184	0.243816	0.242049	0.248227	0.257143	0.261404	0.259717	0.257092	0.254386	0.249117	0.256184	0.263158	0.251773	0.258803	0.249117	0.250877	0.250000	0.246479	0.250000	0.245583	0.256272	0.255357	0.268551	0.250000	0.274476	0.255282	0.257042	0.248252	0.248252
Chichi      	0.147959	0.084175	0.055743	0.128378	0.085859	0.094595	0.101695	0.113176	0.124150	0.089831	0.085324	0.101010	0.112795	0.112245	0.130137	0.107509	0.072635	0.251724	0.269643	0.236934	0.260073	0.253472	0.253497	0.000000	0.082770	0.081081	0.120339	0.092466	0.069257	0.076531	0.095960	0.072391	0.082492	0.079392	0.087542	0.086806	0.090136	0.099662	0.092150	0.077739	0.077491	0.137288	0.103041	0.082474	0.069643	0.109375	0.086149	0.084459	0.082770	0.133898	0.086149	0.090909	0.084175	0.094595	0.084175	0.087838	0.078231	0.081356	0.129693	0.078014	0.084746	0.079392	0.083618	0.075758	0.078231	0.126712	0.263986	0.080808	0.069492	0.074324	0.094595	0.082492	0.086441	0.067340	0.168367	0.153584	0.159864	0.158163	0.149660	0.158703	0.132759	0.138514	0.215986	0.214041	0.219595	0.215986	0.222789	0.229730	0.218430	0.228814	0.222789	0.221284	0.216949	0.213559	0.172881	0.209184	0.214533	0.219931	0.187713	0.217687	0.121622	0.089831	0.093537	0.102694	0.089226
Dajwani     	0.148464	0.077703	0.071186	0.111864	0.059122	0.098305	0.074830	0.100000	0.110922	0.064626	0.071918	0.081081	0.094595	0.102389	0.142612	0.097603	0.072881	0.244828	0.260714	0.229965	0.249084	0.239583	0.241259	0.082770	0.000000	0.071186	0.105442	0.070447	0.035593	0.075085	0.087838	0.065878	0.048986	0.066102	0.067568	0.079861	0.068259	0.081356	0.066781	0.049645	0.059259	0.134354	0.069492	0.072414	0.044803	0.095819	0.020270	0.047458	0.083051	0.130952	0.064189	0.077703	0.081081	0.074576	0.067568	0.054237	0.049488	0.068027	0.126712	0.087189	0.074830	0.069492	0.071672	0.059122	0.061433	0.109966	0.261404	0.069257	0.047619	0.071186	0.067797	0.062500	0.044068	0.050676	0.158703	0.147260	0.153584	0.148464	0.139932	0.152397	0.121107	0.118644	0.213311	0.212329	0.220339	0.216724	0.223549	0.230508	0.219178	0.226190	0.220137	0.222034	0.217687	0.214286	0.156463	0.209898	0.216263	0.220690	0.179795	0.215986	0.113559	0.071429	0.071672	0.077703	0.018581
Dedhi       	0.160410	0.087838	0.067797	0.125424	0.079392	0.098305	0.108844	0.116949	0.145051	0.078231	0.099315	0.097973	0.119932	0.122867	0.142612	0.107877	0.052542	0.256055	0.272401	0.236014	0.262868	0.254355	0.254386	0.081081	0.071186	0.000000	0.137755	0.077320	0.072881	0.059524	0.106419	0.079392	0.072635	0.072881	0.054054	0.099303	0.052901	0.089831	0.051370	0.063830	0.085185	0.142857	0.110169	0.089655	0.064516	0.113240	0.071186	0.076271	0.089831	0.144558	0.072881	0.064189	0.065878	0.050847	0.057432	0.064407	0.071672	0.086735	0.140411	0.097865	0.057823	0.072881	0.066781	0.065878	0.078498	0.127148	0.277193	0.087838	0.054422	0.101695	0.088136	0.062500	0.085034	0.070946	0.180887	0.162671	0.168942	0.163823	0.158703	0.162671	0.143599	0.141892	0.230375	0.226804	0.227119	0.223549	0.230375	0.237288	0.226027	0.232993	0.226962	0.228814	0.224490	0.221088	0.159864	0.220137	0.220486	0.227586	0.190068	0.220137	0.130508	0.064626	0.087031	0.096284	0.076014
eg16t_noor  	0.083618	0.128814	0.115646	0.085034	0.120339	0.107143	0.120748	0.113946	0.090753	0.112628	0.134021	0.132203	0.057627	0.125000	0.105172	0.102740	0.124150	0.258681	0.275180	0.242105	0.267528	0.258741	0.258803	0.120339	0.105442	0.137755	0.000000	0.150000	0.110544	0.131849	0.122034	0.132203	0.120339	0.136054	0.137288	0.124126	0.123288	0.136054	0.127148	0.115658	0.120818	0.085034	0.113946	0.100346	0.113309	0.120629	0.122449	0.129252	0.127551	0.080205	0.120748	0.130508	0.127119	0.129252	0.125424	0.127551	0.118151	0.131399	0.101375	0.130357	0.141638	0.115646	0.125430	0.122034	0.124573	0.060345	0.280702	0.089831	0.112628	0.119048	0.120748	0.123729	0.119454	0.123729	0.184932	0.163230	0.169521	0.167808	0.159247	0.175258	0.160900	0.079932	0.143836	0.144330	0.154762	0.152397	0.162116	0.164966	0.157534	0.162116	0.155822	0.158163	0.151877	0.153061	0.131399	0.145548	0.151042	0.158621	0.135739	0.152397	0.086735	0.124573	0.128425	0.128814	0.122034
Dibbas      	0.173010	0.087329	0.084192	0.123711	0.082192	0.108247	0.103448	0.127148	0.136678	0.084483	0.086806	0.083904	0.128425	0.124567	0.162021	0.123264	0.084192	0.259649	0.280000	0.241135	0.268657	0.257951	0.254448	0.092466	0.070447	0.077320	0.150000	0.000000	0.058419	0.088235	0.107877	0.066781	0.077055	0.051546	0.056507	0.081272	0.060554	0.097938	0.052083	0.080357	0.073034	0.151724	0.089347	0.099650	0.074007	0.104240	0.070447	0.075601	0.082474	0.151724	0.079038	0.080479	0.080479	0.060137	0.071918	0.070447	0.064014	0.065517	0.140625	0.095668	0.068966	0.077320	0.071181	0.083904	0.077855	0.141115	0.270463	0.102740	0.067241	0.082474	0.084192	0.075342	0.074138	0.080479	0.179931	0.164931	0.174740	0.167820	0.160900	0.168403	0.147368	0.135739	0.235294	0.231707	0.235395	0.235294	0.238754	0.245704	0.237847	0.241379	0.238754	0.237113	0.232759	0.232759	0.167241	0.226644	0.229825	0.234266	0.192708	0.235294	0.152921	0.072414	0.088235	0.087329	0.071918
Ebrahimi    	0.141156	0.062500	0.067797	0.106780	0.043919	0.089527	0.074830	0.094915	0.105802	0.047619	0.061644	0.070946	0.101351	0.092150	0.139175	0.088737	0.050847	0.240484	0.260714	0.225524	0.249084	0.238676	0.240351	0.069257	0.035593	0.072881	0.110544	0.058419	0.000000	0.054608	0.087838	0.054054	0.050676	0.054237	0.062500	0.062718	0.052901	0.077966	0.052901	0.044326	0.051852	0.124150	0.064407	0.067241	0.037634	0.092334	0.040678	0.052542	0.057627	0.125850	0.042373	0.059122	0.065878	0.055932	0.052365	0.055932	0.034130	0.049320	0.127986	0.074733	0.066327	0.047458	0.051370	0.050676	0.063140	0.104811	0.259649	0.069257	0.054422	0.052542	0.059322	0.050676	0.052721	0.038851	0.153584	0.142123	0.148464	0.143345	0.138225	0.150685	0.115917	0.116949	0.200680	0.201031	0.206780	0.201365	0.209898	0.215254	0.208191	0.210884	0.204778	0.206780	0.205085	0.204082	0.150847	0.197279	0.205882	0.206897	0.172355	0.203072	0.113559	0.064626	0.054608	0.087838	0.043919
Ewent_ayob  	0.147766	0.062925	0.073379	0.110922	0.057823	0.090444	0.101027	0.112628	0.128866	0.061644	0.067241	0.090136	0.112245	0.097938	0.150519	0.100000	0.006826	0.249129	0.267148	0.235915	0.261111	0.256140	0.250883	0.076531	0.075085	0.059524	0.131849	0.088235	0.054608	0.000000	0.102041	0.074830	0.071429	0.071429	0.056122	0.070175	0.067010	0.078498	0.063793	0.055357	0.074627	0.133562	0.102389	0.086806	0.039711	0.119298	0.075085	0.078498	0.064846	0.143836	0.052901	0.052721	0.068027	0.069966	0.062925	0.076792	0.046392	0.078767	0.144828	0.078853	0.070205	0.068027	0.048276	0.054422	0.073883	0.121107	0.270318	0.083333	0.073630	0.063140	0.066553	0.054422	0.082192	0.049320	0.171821	0.166667	0.164948	0.159794	0.149485	0.158621	0.130662	0.120748	0.225086	0.224913	0.221843	0.218213	0.226804	0.232082	0.222414	0.227740	0.221649	0.225256	0.219178	0.219178	0.166096	0.211340	0.218531	0.222222	0.189655	0.218213	0.122867	0.063356	0.061856	0.098639	0.074830
Fagous      	0.132653	0.099327	0.096284	0.126689	0.077441	0.103041	0.064407	0.101351	0.122449	0.101695	0.110922	0.106061	0.090909	0.093537	0.092466	0.088737	0.099662	0.243103	0.264286	0.221254	0.258242	0.250000	0.244755	0.095960	0.087838	0.106419	0.122034	0.107877	0.087838	0.102041	0.000000	0.084175	0.090909	0.091216	0.109428	0.111111	0.107143	0.094595	0.107509	0.104240	0.088561	0.122034	0.108108	0.080756	0.085714	0.078125	0.091216	0.092905	0.091216	0.081356	0.097973	0.095960	0.092593	0.109797	0.102694	0.119932	0.088435	0.100000	0.087031	0.099291	0.113559	0.097973	0.102389	0.087542	0.059524	0.107877	0.260490	0.075758	0.086441	0.113176	0.099662	0.097643	0.101695	0.092593	0.146259	0.134812	0.141156	0.136054	0.130952	0.139932	0.117241	0.140203	0.193878	0.188356	0.190878	0.190476	0.193878	0.201014	0.192833	0.196610	0.193878	0.195946	0.191525	0.191525	0.120339	0.180272	0.190311	0.192440	0.145051	0.188776	0.116554	0.100000	0.100340	0.067340	0.094276
Fard4       	0.146259	0.075758	0.076014	0.126689	0.063973	0.092905	0.079661	0.104730	0.115646	0.074576	0.078498	0.082492	0.104377	0.100340	0.138699	0.105802	0.072635	0.253448	0.275000	0.231707	0.261905	0.253472	0.250000	0.072391	0.065878	0.079392	0.132203	0.066781	0.054054	0.074830	0.084175	0.000000	0.077441	0.033784	0.058923	0.081597	0.074830	0.079392	0.069966	0.075972	0.049815	0.132203	0.094595	0.073883	0.060714	0.095486	0.059122	0.059122	0.057432	0.128814	0.072635	0.079125	0.079125	0.076014	0.079125	0.082770	0.052721	0.042373	0.127986	0.097518	0.076271	0.077703	0.066553	0.057239	0.069728	0.128425	0.263986	0.075758	0.069492	0.069257	0.067568	0.060606	0.069492	0.058923	0.159864	0.145051	0.154762	0.149660	0.147959	0.153584	0.129310	0.126689	0.221088	0.217466	0.221284	0.221088	0.224490	0.231419	0.223549	0.227119	0.224490	0.222973	0.218644	0.218644	0.157627	0.210884	0.216263	0.219931	0.182594	0.221088	0.133446	0.077966	0.076531	0.077441	0.060606
Faslee      	0.151361	0.062290	0.067568	0.119932	0.047138	0.099662	0.088136	0.104730	0.115646	0.061017	0.090444	0.092593	0.104377	0.120748	0.143836	0.095563	0.067568	0.262069	0.280357	0.242160	0.269231	0.260417	0.260490	0.082492	0.048986	0.072635	0.120339	0.077055	0.050676	0.071429	0.090909	0.077441	0.000000	0.077703	0.072391	0.093750	0.074830	0.074324	0.073379	0.054770	0.046125	0.133898	0.057432	0.063574	0.060714	0.107639	0.038851	0.062500	0.050676	0.135593	0.059122	0.065657	0.085859	0.079392	0.065657	0.072635	0.056122	0.079661	0.134812	0.090426	0.055932	0.054054	0.058020	0.060606	0.073129	0.114726	0.283217	0.058923	0.054237	0.079392	0.072635	0.060606	0.055932	0.062290	0.171769	0.158703	0.164966	0.159864	0.154762	0.167235	0.137931	0.133446	0.222789	0.220890	0.222973	0.219388	0.227891	0.233108	0.223549	0.228814	0.222789	0.226351	0.220339	0.220339	0.157627	0.212585	0.216263	0.225086	0.172355	0.217687	0.116554	0.076271	0.068027	0.087542	0.043771
Gajar       	0.143345	0.069257	0.084746	0.123729	0.067568	0.100000	0.076531	0.105085	0.129693	0.073129	0.082192	0.079392	0.101351	0.102389	0.139175	0.106164	0.067797	0.238754	0.258065	0.220280	0.248162	0.242160	0.236842	0.079392	0.066102	0.072881	0.136054	0.051546	0.054237	0.071429	0.091216	0.033784	0.077703	0.000000	0.048986	0.078397	0.068259	0.077966	0.059932	0.076241	0.068519	0.132653	0.094915	0.091379	0.050179	0.085366	0.062712	0.062712	0.061017	0.129252	0.069492	0.069257	0.072635	0.066102	0.072635	0.076271	0.047782	0.049320	0.119863	0.097865	0.069728	0.077703	0.058219	0.043919	0.069966	0.123711	0.256140	0.079392	0.064626	0.076271	0.072881	0.057432	0.066327	0.059122	0.160410	0.145051	0.151877	0.146758	0.138225	0.143836	0.122837	0.123729	0.221843	0.218213	0.218644	0.218430	0.221843	0.228814	0.220890	0.224490	0.221843	0.220339	0.215986	0.215986	0.158163	0.211604	0.213542	0.217241	0.179795	0.218430	0.140678	0.064626	0.078498	0.074324	0.064189
Halawy      	0.163265	0.063973	0.087838	0.135135	0.072391	0.108108	0.093220	0.126689	0.139456	0.066102	0.087031	0.087542	0.129630	0.117347	0.157534	0.109215	0.050676	0.256897	0.278571	0.240418	0.267399	0.258681	0.256993	0.087542	0.067568	0.054054	0.137288	0.056507	0.062500	0.056122	0.109428	0.058923	0.072391	0.048986	0.000000	0.085069	0.051020	0.096284	0.044369	0.070671	0.075646	0.149153	0.096284	0.099656	0.046429	0.112847	0.064189	0.074324	0.065878	0.147458	0.060811	0.060606	0.077441	0.054054	0.063973	0.074324	0.042517	0.054237	0.139932	0.097518	0.037288	0.076014	0.034130	0.055556	0.083333	0.133562	0.277972	0.087542	0.064407	0.074324	0.074324	0.058923	0.074576	0.043771	0.170068	0.158703	0.163265	0.161565	0.154762	0.162116	0.136207	0.131757	0.227891	0.229452	0.228041	0.224490	0.232993	0.238176	0.228669	0.233898	0.227891	0.231419	0.225424	0.225424	0.162712	0.221088	0.224913	0.228522	0.191126	0.226190	0.152027	0.066102	0.071429	0.092593	0.062290
Hamria      	0.124126	0.090278	0.076655	0.102431	0.086806	0.095819	0.096154	0.118056	0.108772	0.082168	0.031469	0.097222	0.107639	0.071429	0.132509	0.107018	0.073171	0.233216	0.260073	0.229391	0.247191	0.235816	0.237500	0.086806	0.079861	0.099303	0.124126	0.081272	0.062718	0.070175	0.111111	0.081597	0.093750	0.078397	0.085069	0.000000	0.087413	0.099303	0.082746	0.076364	0.089015	0.125874	0.085366	0.090426	0.075368	0.112903	0.081597	0.072917	0.097561	0.130662	0.083333	0.081597	0.090278	0.088850	0.092014	0.087108	0.066434	0.085664	0.121479	0.087591	0.094406	0.087108	0.078947	0.074653	0.100000	0.126761	0.252708	0.102431	0.096154	0.046875	0.080139	0.081597	0.085366	0.071181	0.173684	0.154930	0.159649	0.155594	0.149123	0.160211	0.138790	0.083624	0.189474	0.188380	0.191638	0.189474	0.196491	0.202091	0.191901	0.200348	0.194056	0.195122	0.188811	0.187063	0.139860	0.189474	0.190391	0.191489	0.164912	0.191638	0.125436	0.073427	0.071930	0.105903	0.083333
Hawawiri    	0.152921	0.068027	0.076792	0.122867	0.069728	0.104096	0.094178	0.114334	0.125000	0.056507	0.091379	0.061224	0.117347	0.116838	0.150519	0.108621	0.059727	0.250871	0.266187	0.236842	0.260148	0.251748	0.251761	0.090136	0.068259	0.052901	0.123288	0.060554	0.052901	0.067010	0.107143	0.074830	0.074830	0.068259	0.051020	0.087413	0.000000	0.092150	0.025862	0.064057	0.081481	0.140411	0.102389	0.090278	0.055755	0.121053	0.076792	0.090444	0.068259	0.138699	0.054608	0.052721	0.064626	0.008532	0.039116	0.051195	0.056507	0.066553	0.144828	0.089606	0.064846	0.058020	0.043103	0.068027	0.085911	0.117647	0.265845	0.090136	0.058219	0.076792	0.078498	0.057823	0.085616	0.068027	0.159794	0.148276	0.154639	0.146048	0.140893	0.150000	0.128920	0.126280	0.213058	0.214533	0.211604	0.206186	0.214777	0.220137	0.210345	0.215753	0.209622	0.211604	0.207192	0.205479	0.152397	0.199313	0.208042	0.211806	0.182131	0.207904	0.134812	0.058219	0.070447	0.096939	0.078231
Hayany      	0.170648	0.076014	0.071186	0.127119	0.067568	0.100000	0.083333	0.111864	0.134812	0.090136	0.102740	0.099662	0.108108	0.127551	0.147766	0.109589	0.074576	0.264706	0.283154	0.241259	0.277574	0.271777	0.266667	0.099662	0.081356	0.089831	0.136054	0.097938	0.077966	0.078498	0.094595	0.079392	0.074324	0.077966	0.096284	0.099303	0.092150	0.000000	0.087329	0.079787	0.074074	0.139456	0.098305	0.060137	0.066308	0.092334	0.088136	0.093220	0.067797	0.139456	0.083051	0.082770	0.092905	0.093220	0.086149	0.096610	0.085324	0.091837	0.119863	0.097865	0.086735	0.074576	0.089041	0.070946	0.075085	0.127148	0.287719	0.069257	0.088435	0.096610	0.052365	0.076014	0.102041	0.092905	0.174061	0.164384	0.168942	0.163823	0.150171	0.160959	0.137931	0.144068	0.242321	0.240550	0.245763	0.242321	0.249147	0.255932	0.244863	0.251701	0.245734	0.247458	0.243197	0.239796	0.178571	0.235495	0.239583	0.246552	0.203767	0.240614	0.133898	0.076531	0.090444	0.059122	0.087838
Helwa       	0.149485	0.068259	0.077055	0.118151	0.066553	0.098976	0.094502	0.121575	0.124138	0.059932	0.083045	0.066553	0.116041	0.112069	0.151042	0.112069	0.059932	0.251748	0.267986	0.234982	0.258303	0.254386	0.249117	0.092150	0.066781	0.051370	0.127148	0.052083	0.052901	0.063793	0.107509	0.069966	0.073379	0.059932	0.044369	0.082746	0.025862	0.087329	0.000000	0.059140	0.074627	0.137457	0.104452	0.090592	0.047101	0.114437	0.073630	0.085616	0.073630	0.140893	0.054795	0.044369	0.054608	0.020478	0.030717	0.044369	0.058621	0.054983	0.141379	0.080645	0.058219	0.046233	0.051903	0.066553	0.086207	0.125000	0.274823	0.092150	0.066781	0.068493	0.077055	0.056314	0.080756	0.064846	0.174138	0.159170	0.165517	0.160345	0.155172	0.162630	0.139860	0.123288	0.218213	0.218750	0.220890	0.215517	0.224138	0.229452	0.222414	0.225086	0.218966	0.220890	0.219178	0.218213	0.157534	0.214777	0.218531	0.219512	0.186207	0.217241	0.138225	0.060137	0.070690	0.097270	0.075085
Hilali      	0.139286	0.063604	0.069149	0.106383	0.058304	0.090426	0.090747	0.109929	0.124555	0.062278	0.069892	0.079505	0.111307	0.100000	0.148746	0.096429	0.051418	0.248188	0.272556	0.238095	0.257692	0.248175	0.250000	0.077739	0.049645	0.063830	0.115658	0.080357	0.044326	0.055357	0.104240	0.075972	0.054770	0.076241	0.070671	0.076364	0.064057	0.079787	0.059140	0.000000	0.072797	0.137011	0.090426	0.079422	0.044444	0.107273	0.056738	0.065603	0.070922	0.131673	0.062057	0.045936	0.061837	0.065603	0.056537	0.051418	0.049822	0.080071	0.129032	0.087037	0.076512	0.047872	0.060714	0.063604	0.074733	0.107914	0.261029	0.086572	0.058719	0.070922	0.074468	0.045936	0.064057	0.056537	0.162500	0.150000	0.153571	0.148214	0.144128	0.143369	0.126354	0.113475	0.208929	0.209677	0.209220	0.205357	0.212500	0.218085	0.207885	0.213523	0.208929	0.209220	0.206406	0.202847	0.158363	0.198214	0.206522	0.209386	0.182796	0.203571	0.118794	0.072954	0.049822	0.100707	0.056537
Hiri        	0.160448	0.060886	0.066667	0.120370	0.068266	0.101852	0.087361	0.109259	0.113383	0.072222	0.089552	0.084871	0.118081	0.109665	0.148496	0.101124	0.070370	0.258491	0.276062	0.235849	0.263780	0.254717	0.254717	0.077491	0.059259	0.085185	0.120818	0.073034	0.051852	0.074627	0.088561	0.049815	0.046125	0.068519	0.075646	0.089015	0.081481	0.074074	0.074627	0.072797	0.000000	0.150558	0.087037	0.066038	0.060311	0.104167	0.062963	0.068519	0.062963	0.135688	0.066667	0.081181	0.090406	0.083333	0.071956	0.074074	0.052045	0.068519	0.134831	0.073643	0.062963	0.057407	0.063670	0.083026	0.074349	0.124060	0.281609	0.060886	0.070632	0.075926	0.064815	0.073801	0.077778	0.064576	0.166045	0.147940	0.156716	0.152985	0.145522	0.159176	0.132075	0.133333	0.225746	0.222846	0.222222	0.218284	0.223881	0.231481	0.220974	0.226766	0.222015	0.222222	0.217472	0.215613	0.157993	0.208955	0.216730	0.222642	0.188433	0.220149	0.130996	0.083643	0.072491	0.083026	0.062731
