  105
Abel        	0.000000	0.139423	0.150974	0.103834	0.137380	0.111821	0.128617	0.121795	0.106452	0.138710	0.131922	0.157051	0.092949	0.114148	0.101613	0.116129	0.149038	0.252412	0.258224	0.257377	0.265781	0.252427	0.254072	0.159164	0.155449	0.152244	0.092949	0.163399	0.141026	0.152104	0.129393	0.151125	0.138978	0.144695	0.162939	0.131494	0.153722	0.153355	0.151125	0.150000	0.166667	0.110577	0.134615	0.125806	0.168966	0.134740	0.157556	0.155449	0.145833	0.099359	0.145161	0.137821	0.141479	0.155949	0.145833	0.148387	0.172026	0.166667	0.116987	0.147157	0.146774	0.144231	0.155340	0.154952	0.165595	0.099678	0.265886	0.116987	0.156958	0.134615	0.140575	0.152104	0.151125	0.158147	0.193811	0.211039	0.214984	0.209936	0.200326	0.218650	0.205788	0.070513	0.158654	0.159091	0.149038	0.151125	0.151613	0.152733	0.152733	0.152733	0.149518	0.151613	0.152244	0.152733	0.141026	0.149518	0.150974	0.148693	0.140323	0.147436	0.093248	0.149038	0.125000	0.158147	0.158147
Abouman     	0.139423	0.000000	0.089286	0.130990	0.091054	0.111821	0.119355	0.129808	0.148387	0.087097	0.089577	0.104167	0.137821	0.135048	0.140323	0.104839	0.065495	0.242765	0.241776	0.229508	0.249169	0.239482	0.244300	0.070740	0.097756	0.084936	0.138264	0.081699	0.076923	0.067742	0.126198	0.083601	0.073482	0.085209	0.087859	0.079545	0.072816	0.092652	0.072347	0.065000	0.086879	0.143087	0.088141	0.103226	0.058621	0.137987	0.099678	0.100962	0.067308	0.155449	0.085484	0.051282	0.051447	0.073955	0.067308	0.079032	0.080386	0.088141	0.158654	0.102007	0.072581	0.057692	0.064725	0.079872	0.117363	0.130225	0.246667	0.094551	0.098706	0.067308	0.091054	0.082524	0.102894	0.073482	0.162866	0.181818	0.187296	0.181090	0.172638	0.186495	0.146774	0.129808	0.209936	0.201954	0.200321	0.202572	0.200647	0.200965	0.201613	0.204180	0.200965	0.203226	0.203526	0.204839	0.165064	0.191318	0.203583	0.201639	0.187097	0.198718	0.138264	0.086538	0.079288	0.119808	0.100639
Ajwa        	0.150974	0.089286	0.000000	0.121359	0.092233	0.095469	0.117647	0.121753	0.122549	0.086319	0.078947	0.090909	0.120130	0.128664	0.124183	0.108766	0.074675	0.231270	0.235000	0.217608	0.240741	0.226230	0.231023	0.048860	0.073052	0.076052	0.123779	0.066007	0.068182	0.080065	0.127832	0.077922	0.074434	0.089286	0.090615	0.085526	0.078431	0.076052	0.078176	0.071906	0.082437	0.120521	0.087662	0.073290	0.080139	0.123355	0.081433	0.074675	0.073052	0.147727	0.086319	0.084142	0.076547	0.079805	0.079545	0.071661	0.094463	0.086039	0.144481	0.077441	0.071661	0.072816	0.081967	0.088997	0.096091	0.123377	0.229730	0.087662	0.068627	0.086039	0.082524	0.081169	0.097720	0.076052	0.160066	0.177632	0.183168	0.178571	0.176568	0.184039	0.153595	0.139610	0.194805	0.186469	0.191558	0.193811	0.191803	0.195440	0.192810	0.195440	0.192182	0.191176	0.191558	0.189542	0.157468	0.182410	0.188119	0.191030	0.169935	0.189935	0.123779	0.094156	0.063725	0.114887	0.082524
Alig        	0.103834	0.130990	0.121359	0.000000	0.121019	0.097134	0.143087	0.116613	0.081994	0.125402	0.133117	0.140575	0.097444	0.126603	0.115756	0.115756	0.132588	0.251603	0.255738	0.250000	0.261589	0.248387	0.253247	0.133013	0.137380	0.132588	0.084936	0.143322	0.127796	0.129032	0.133758	0.136218	0.113057	0.144231	0.152866	0.129450	0.145161	0.128981	0.139423	0.141196	0.121908	0.102564	0.102236	0.101286	0.147766	0.148867	0.133013	0.118211	0.126198	0.123003	0.122186	0.127796	0.133013	0.144231	0.134185	0.125402	0.129808	0.146965	0.115016	0.120000	0.130225	0.129393	0.145161	0.141720	0.139423	0.113782	0.250000	0.105431	0.127419	0.118211	0.119427	0.138710	0.131410	0.144904	0.193182	0.210356	0.214286	0.204473	0.202922	0.213141	0.184887	0.119808	0.167732	0.159091	0.166134	0.168269	0.169355	0.173077	0.167203	0.173077	0.169872	0.168810	0.169329	0.167203	0.138978	0.161859	0.165584	0.166667	0.133441	0.167732	0.100962	0.129393	0.119741	0.133758	0.133758
Amir_haj    	0.137380	0.091054	0.092233	0.121019	0.000000	0.084395	0.096463	0.123003	0.110932	0.059486	0.113636	0.092652	0.116613	0.126603	0.127010	0.099678	0.083067	0.259615	0.262295	0.248366	0.269868	0.256452	0.258117	0.092949	0.092652	0.094249	0.116987	0.100977	0.075080	0.085484	0.089172	0.081731	0.062102	0.097756	0.095541	0.114887	0.087097	0.078025	0.092949	0.094684	0.086572	0.131410	0.081470	0.099678	0.094502	0.093851	0.088141	0.086262	0.071885	0.151757	0.056270	0.083067	0.094551	0.091346	0.081470	0.086817	0.091346	0.092652	0.118211	0.096667	0.090032	0.071885	0.083871	0.071656	0.070513	0.136218	0.258333	0.095847	0.085484	0.102236	0.081210	0.067742	0.084936	0.093949	0.175325	0.207120	0.214286	0.210863	0.199675	0.214744	0.168810	0.138978	0.223642	0.215909	0.217252	0.217949	0.217742	0.221154	0.218650	0.219551	0.216346	0.215434	0.217252	0.215434	0.154952	0.209936	0.214286	0.217320	0.184887	0.215655	0.126603	0.078275	0.066343	0.095541	0.089172
Aseel       	0.111821	0.111821	0.095469	0.097134	0.084395	0.000000	0.117363	0.124601	0.109325	0.096463	0.110390	0.100639	0.103834	0.129808	0.117363	0.094855	0.103834	0.245192	0.247541	0.246732	0.253311	0.241935	0.243506	0.102564	0.119808	0.103834	0.112179	0.117264	0.097444	0.103226	0.119427	0.099359	0.101911	0.108974	0.113057	0.106796	0.104839	0.101911	0.104167	0.109635	0.102473	0.104167	0.078275	0.085209	0.121993	0.119741	0.121795	0.097444	0.102236	0.134185	0.093248	0.103834	0.108974	0.105769	0.099042	0.101286	0.112179	0.116613	0.119808	0.095000	0.096463	0.097444	0.114516	0.114650	0.097756	0.115385	0.246667	0.091054	0.104839	0.110224	0.108280	0.095161	0.118590	0.121019	0.173701	0.197411	0.204545	0.202875	0.193182	0.208333	0.170418	0.130990	0.186901	0.176948	0.180511	0.182692	0.180645	0.181090	0.181672	0.181090	0.181090	0.180064	0.180511	0.178457	0.137380	0.171474	0.176948	0.179739	0.167203	0.178914	0.105769	0.097444	0.093851	0.116242	0.122611
P1_rOPbAL1  	0.128617	0.119355	0.117647	0.143087	0.096463	0.117363	0.000000	0.114516	0.146104	0.110032	0.109836	0.120968	0.124194	0.105178	0.121753	0.121753	0.114516	0.254045	0.258278	0.247525	0.265886	0.252443	0.254098	0.126214	0.116129	0.117742	0.130645	0.120066	0.107717	0.122150	0.072347	0.108414	0.117363	0.105178	0.117363	0.117647	0.117264	0.096463	0.114887	0.112416	0.133929	0.130645	0.125806	0.114887	0.116319	0.119281	0.114887	0.116129	0.120968	0.125806	0.112013	0.119355	0.116505	0.116505	0.114516	0.118506	0.126214	0.120968	0.108065	0.132997	0.120130	0.111290	0.117264	0.112540	0.121359	0.140777	0.254209	0.109677	0.112378	0.108065	0.096463	0.122150	0.137540	0.123794	0.170492	0.196078	0.203279	0.193548	0.191803	0.200647	0.176375	0.117742	0.206452	0.204248	0.200000	0.202265	0.202922	0.203883	0.203883	0.203883	0.200647	0.202922	0.203226	0.203883	0.150000	0.190939	0.202614	0.201639	0.194805	0.198387	0.127832	0.127419	0.114379	0.086817	0.115756
CAP50bhOA1  	0.121795	0.129808	0.121753	0.116613	0.123003	0.124601	0.114516	0.000000	0.111290	0.146774	0.117264	0.135783	0.118590	0.118971	0.124194	0.104839	0.137821	0.257235	0.261513	0.247541	0.269103	0.255663	0.257329	0.131833	0.132588	0.134615	0.128617	0.140065	0.126603	0.145631	0.123003	0.134615	0.118211	0.138264	0.158147	0.120130	0.145631	0.137380	0.143087	0.140000	0.150709	0.136656	0.123397	0.096774	0.148276	0.131494	0.134615	0.116987	0.137821	0.121406	0.146774	0.142628	0.138264	0.147910	0.141026	0.141935	0.163987	0.145833	0.133013	0.138796	0.133871	0.144231	0.155340	0.140575	0.139871	0.102894	0.244147	0.091346	0.139159	0.126603	0.134185	0.146774	0.141479	0.153355	0.185668	0.202922	0.210098	0.201923	0.201954	0.210611	0.179032	0.125000	0.171474	0.159609	0.168269	0.170418	0.165049	0.168810	0.166129	0.172026	0.168810	0.174194	0.171474	0.169355	0.128205	0.159164	0.166124	0.167213	0.154839	0.166667	0.127010	0.149038	0.128247	0.142173	0.135783
Aziza       	0.106452	0.148387	0.122549	0.081994	0.110932	0.109325	0.146104	0.111290	0.000000	0.134740	0.121311	0.140323	0.091935	0.142395	0.099026	0.112013	0.141935	0.260518	0.268977	0.258224	0.273333	0.260586	0.269608	0.137540	0.133871	0.146774	0.098706	0.151316	0.133871	0.141234	0.110932	0.139159	0.109325	0.158576	0.144695	0.127451	0.139610	0.143087	0.145631	0.148829	0.137011	0.100324	0.111290	0.110390	0.164360	0.116013	0.135922	0.124194	0.122581	0.129032	0.136364	0.141935	0.152104	0.140777	0.138710	0.141234	0.163430	0.143087	0.117742	0.144781	0.131068	0.137097	0.133117	0.141479	0.137540	0.134304	0.251678	0.104839	0.130293	0.114516	0.127010	0.144951	0.121359	0.141479	0.190164	0.224756	0.226230	0.224194	0.220588	0.233010	0.193182	0.114516	0.174194	0.165574	0.175806	0.174757	0.172638	0.177994	0.173701	0.176375	0.173139	0.172078	0.174194	0.170455	0.124194	0.166667	0.169935	0.171617	0.142395	0.174194	0.098387	0.141935	0.112745	0.133441	0.135048
zr9q_az3aq  	0.138710	0.087097	0.086319	0.125402	0.059486	0.096463	0.110032	0.146774	0.134740	0.000000	0.114754	0.075806	0.129032	0.127832	0.133117	0.129870	0.080645	0.237864	0.238411	0.235974	0.245000	0.232143	0.236066	0.088997	0.098387	0.077170	0.126214	0.091803	0.069132	0.079805	0.123794	0.087379	0.075563	0.088710	0.078778	0.111111	0.060261	0.086817	0.064725	0.081940	0.073214	0.135922	0.087097	0.113636	0.083333	0.122549	0.090615	0.098387	0.053226	0.167742	0.011327	0.064516	0.076052	0.063107	0.054839	0.058442	0.069355	0.095161	0.144695	0.092593	0.087379	0.049839	0.050489	0.081994	0.106796	0.141935	0.244966	0.103226	0.083062	0.101613	0.081994	0.057003	0.087379	0.083601	0.173770	0.197712	0.201639	0.201613	0.191803	0.207120	0.167208	0.132258	0.201613	0.196721	0.195161	0.197411	0.198697	0.199029	0.199675	0.199029	0.195793	0.194805	0.195161	0.196429	0.179032	0.189320	0.195082	0.198020	0.183442	0.193548	0.127832	0.054839	0.058632	0.127010	0.091640
Barmel      	0.131922	0.089577	0.078947	0.133117	0.113636	0.110390	0.109836	0.117264	0.121311	0.114754	0.000000	0.105863	0.123779	0.104235	0.127869	0.102941	0.089577	0.235294	0.237458	0.235000	0.242424	0.227869	0.232673	0.086601	0.091205	0.107492	0.127451	0.091362	0.083062	0.091803	0.116883	0.092834	0.102273	0.093137	0.105519	0.032895	0.106557	0.103896	0.101307	0.084459	0.114695	0.125817	0.112378	0.104918	0.092982	0.117162	0.106209	0.084691	0.112378	0.140065	0.116393	0.100649	0.093137	0.109477	0.102606	0.098039	0.107843	0.099349	0.125407	0.113559	0.095082	0.097720	0.110197	0.105519	0.122549	0.143791	0.234694	0.112378	0.101639	0.060261	0.090909	0.113115	0.112745	0.087662	0.168874	0.184818	0.188742	0.182410	0.180464	0.191176	0.155738	0.092834	0.197068	0.192053	0.188925	0.191176	0.189145	0.192810	0.190164	0.192810	0.189542	0.191803	0.192182	0.190164	0.143322	0.191176	0.188742	0.183333	0.172131	0.187296	0.133987	0.091205	0.092105	0.108766	0.107143
Began       	0.157051	0.104167	0.090909	0.140575	0.092652	0.100639	0.120968	0.135783	0.140323	0.075806	0.105863	0.000000	0.128205	0.136656	0.145161	0.119355	0.092949	0.242765	0.245066	0.234426	0.247508	0.236246	0.242671	0.101286	0.099042	0.081731	0.138264	0.087948	0.083333	0.095469	0.137380	0.081731	0.087859	0.094855	0.089457	0.102273	0.076052	0.107029	0.078778	0.096667	0.097518	0.149518	0.115385	0.111290	0.105172	0.133117	0.097756	0.089744	0.083333	0.164537	0.075806	0.086538	0.099678	0.073955	0.070513	0.074194	0.093248	0.105769	0.145833	0.080268	0.087097	0.084936	0.087379	0.103834	0.090032	0.144695	0.240803	0.108974	0.080906	0.091346	0.116613	0.090323	0.094855	0.091054	0.182410	0.198052	0.203583	0.206731	0.195440	0.212219	0.156452	0.144231	0.217949	0.210098	0.217949	0.220257	0.220065	0.218650	0.220968	0.218650	0.218650	0.217742	0.217949	0.217742	0.177885	0.212219	0.216612	0.219672	0.188710	0.216346	0.139871	0.073718	0.089286	0.121406	0.099042
yser_hkloo  	0.092949	0.137821	0.120130	0.097444	0.116613	0.103834	0.124194	0.118590	0.091935	0.129032	0.123779	0.128205	0.000000	0.144695	0.093548	0.095161	0.136218	0.245981	0.246711	0.237705	0.252492	0.239482	0.244300	0.141479	0.131410	0.137821	0.083601	0.138889	0.129808	0.140777	0.108626	0.130225	0.126198	0.127010	0.156550	0.129870	0.139159	0.134185	0.141479	0.148333	0.148936	0.072347	0.120192	0.098387	0.150000	0.129870	0.141479	0.120192	0.133013	0.116987	0.132258	0.145833	0.144695	0.143087	0.141026	0.138710	0.154341	0.145833	0.097756	0.132107	0.133871	0.134615	0.147249	0.140575	0.131833	0.099678	0.249164	0.084936	0.131068	0.131410	0.137380	0.153722	0.139871	0.150160	0.174267	0.207792	0.211726	0.206731	0.203583	0.212219	0.190323	0.099359	0.155449	0.143322	0.152244	0.151125	0.148867	0.155949	0.150000	0.152733	0.149518	0.148387	0.152244	0.146774	0.120192	0.143087	0.144951	0.147541	0.143548	0.150641	0.090032	0.129808	0.141234	0.126198	0.142173
Biddajaj    	0.114148	0.135048	0.128664	0.126603	0.126603	0.129808	0.105178	0.118971	0.142395	0.127832	0.104235	0.136656	0.144695	0.000000	0.124595	0.140777	0.133441	0.262903	0.262376	0.263158	0.267442	0.255663	0.257329	0.130645	0.133441	0.138264	0.143548	0.145902	0.131833	0.136364	0.126603	0.120968	0.131410	0.130645	0.134615	0.110390	0.152597	0.137821	0.141935	0.143813	0.143617	0.148387	0.141479	0.140777	0.133218	0.120521	0.138710	0.127010	0.131833	0.118971	0.132686	0.136656	0.138710	0.150000	0.147910	0.142395	0.140323	0.149518	0.136656	0.145973	0.135922	0.135048	0.147727	0.134615	0.159677	0.145161	0.243289	0.139871	0.139610	0.112540	0.128205	0.139610	0.151613	0.129808	0.200980	0.229642	0.233660	0.229904	0.223856	0.237097	0.208738	0.130225	0.207395	0.207516	0.197749	0.200000	0.199675	0.201613	0.200647	0.201613	0.198387	0.200647	0.200965	0.200647	0.176849	0.198387	0.199346	0.197368	0.177994	0.196141	0.135484	0.128617	0.128664	0.149038	0.139423
uds_Raraqs  	0.101613	0.140323	0.124183	0.115756	0.127010	0.117363	0.121753	0.124194	0.099026	0.133117	0.127869	0.145161	0.093548	0.124595	0.000000	0.100649	0.141935	0.245955	0.245033	0.239274	0.249164	0.241042	0.244262	0.134304	0.138710	0.148387	0.097087	0.141447	0.132258	0.141694	0.090032	0.144013	0.120579	0.150485	0.151125	0.135621	0.151466	0.122186	0.144013	0.145973	0.150000	0.098706	0.115756	0.112013	0.142361	0.116013	0.137540	0.141935	0.127419	0.095161	0.137987	0.138710	0.140777	0.152104	0.146774	0.144481	0.155340	0.158065	0.077419	0.138047	0.146104	0.129032	0.142857	0.136656	0.155340	0.095469	0.239057	0.103226	0.141694	0.141935	0.122186	0.149837	0.147249	0.143087	0.180328	0.202614	0.204918	0.204839	0.203279	0.215210	0.188312	0.117742	0.145161	0.139344	0.132258	0.134304	0.131922	0.135484	0.133117	0.135922	0.132258	0.134740	0.135484	0.133117	0.115756	0.129450	0.131148	0.128713	0.137540	0.130645	0.098706	0.145161	0.124183	0.147910	0.138264
BouslKhine  	0.116129	0.104839	0.108766	0.115756	0.099678	0.094855	0.121753	0.104839	0.112013	0.129870	0.102941	0.119355	0.095161	0.140777	0.100649	0.000000	0.119355	0.229773	0.225166	0.224422	0.232441	0.219870	0.224590	0.117742	0.119355	0.130645	0.097087	0.129508	0.116129	0.125000	0.093248	0.117742	0.110932	0.127832	0.144695	0.109477	0.131494	0.117363	0.129450	0.111296	0.131673	0.108414	0.103226	0.090615	0.130208	0.106209	0.118123	0.115756	0.117742	0.098387	0.129870	0.118971	0.111290	0.137540	0.135484	0.129450	0.137540	0.129032	0.103226	0.117057	0.123377	0.120968	0.144951	0.120579	0.106796	0.101613	0.234007	0.090032	0.115260	0.112903	0.120579	0.126214	0.118123	0.136656	0.158497	0.187908	0.190164	0.188710	0.184641	0.194175	0.147727	0.130645	0.177419	0.170492	0.161290	0.163430	0.162866	0.165049	0.163961	0.165049	0.161812	0.163961	0.164516	0.163961	0.111290	0.155340	0.162295	0.161716	0.144481	0.159677	0.105178	0.125806	0.115635	0.118971	0.118971
Braim       	0.149038	0.065495	0.074675	0.132588	0.083067	0.103834	0.114516	0.137821	0.141935	0.080645	0.089577	0.092949	0.136218	0.133441	0.141935	0.119355	0.000000	0.247588	0.246711	0.236066	0.254153	0.244337	0.245928	0.065916	0.083333	0.064103	0.144695	0.089869	0.064103	0.008065	0.127796	0.078778	0.075080	0.078778	0.057508	0.081169	0.055016	0.081470	0.070740	0.073333	0.085106	0.149518	0.089744	0.104839	0.067241	0.126623	0.075563	0.086538	0.065705	0.163462	0.074194	0.056090	0.081994	0.059486	0.065705	0.074194	0.056270	0.086538	0.141026	0.098662	0.070968	0.062500	0.051780	0.055911	0.093248	0.141479	0.251667	0.099359	0.076052	0.078526	0.070288	0.064725	0.081994	0.052716	0.166124	0.186688	0.190554	0.195513	0.180782	0.196141	0.153226	0.118590	0.217949	0.211726	0.217949	0.220257	0.220065	0.221865	0.220968	0.221865	0.218650	0.217742	0.217949	0.217742	0.179487	0.209003	0.216612	0.218033	0.191935	0.216346	0.127010	0.083333	0.077670	0.121406	0.073482
XsRs_93115  	0.252412	0.242765	0.231270	0.251603	0.259615	0.245192	0.254045	0.257235	0.260518	0.237864	0.235294	0.242765	0.245981	0.262903	0.245955	0.229773	0.247588	0.000000	0.050820	0.073770	0.052980	0.054839	0.074919	0.253226	0.258842	0.242765	0.258065	0.255738	0.254019	0.245130	0.259615	0.258065	0.251603	0.256452	0.269231	0.239414	0.248377	0.245192	0.248387	0.250836	0.261566	0.229032	0.257235	0.255663	0.261246	0.267101	0.261290	0.260450	0.245981	0.241158	0.242718	0.231511	0.233871	0.253226	0.252412	0.244337	0.261290	0.270096	0.274920	0.246644	0.252427	0.242765	0.256494	0.264423	0.254839	0.241935	0.227425	0.244373	0.241883	0.254019	0.245192	0.254870	0.272581	0.254808	0.245928	0.258117	0.265472	0.244373	0.254072	0.262903	0.255663	0.249196	0.246795	0.232143	0.233974	0.236334	0.229773	0.234727	0.232258	0.237942	0.235484	0.237097	0.237942	0.235484	0.233119	0.237942	0.236156	0.227869	0.243548	0.233119	0.250000	0.247588	0.226384	0.250000	0.262821
nsfs_9311w  	0.258224	0.241776	0.235000	0.255738	0.262295	0.247541	0.258278	0.261513	0.268977	0.238411	0.237458	0.245066	0.246711	0.262376	0.245033	0.225166	0.246711	0.050820	0.000000	0.097360	0.006689	0.019802	0.024671	0.252475	0.254934	0.243421	0.262376	0.255034	0.258224	0.247508	0.262295	0.259076	0.254098	0.255776	0.270492	0.246667	0.250825	0.247541	0.251645	0.251712	0.250903	0.237624	0.258224	0.259934	0.255319	0.261667	0.259076	0.263158	0.244262	0.246711	0.244224	0.238487	0.236842	0.256579	0.259868	0.246689	0.255776	0.270492	0.276316	0.249141	0.252475	0.248355	0.257475	0.267213	0.255776	0.250825	0.217687	0.246711	0.245033	0.264803	0.245902	0.255814	0.272277	0.262295	0.245000	0.262458	0.266667	0.261513	0.261667	0.264026	0.259934	0.259868	0.249180	0.237542	0.237705	0.238487	0.233444	0.236842	0.234323	0.240132	0.237624	0.238487	0.240132	0.237624	0.245066	0.240132	0.241667	0.237458	0.245066	0.236842	0.254125	0.246711	0.233333	0.249180	0.262295
nsiY_93J21  	0.257377	0.229508	0.217608	0.250000	0.248366	0.246732	0.247525	0.247541	0.258224	0.235974	0.235000	0.234426	0.237705	0.263158	0.239274	0.224422	0.236066	0.073770	0.097360	0.000000	0.096990	0.113861	0.121311	0.238487	0.250820	0.232787	0.258224	0.239130	0.245902	0.238411	0.251634	0.246711	0.236928	0.246711	0.259804	0.242525	0.240924	0.236928	0.240132	0.249147	0.248201	0.241776	0.247541	0.247525	0.252650	0.259136	0.250000	0.244262	0.232787	0.245902	0.240924	0.227869	0.225329	0.245066	0.245902	0.237624	0.246711	0.250000	0.270492	0.236301	0.236842	0.236066	0.248344	0.246732	0.248355	0.235197	0.219388	0.231148	0.233444	0.245902	0.236928	0.254967	0.261513	0.248366	0.227575	0.248344	0.257475	0.236066	0.247508	0.251645	0.242574	0.252459	0.256536	0.245847	0.245902	0.246711	0.241722	0.245066	0.242574	0.248355	0.245066	0.247525	0.247541	0.245875	0.229508	0.247541	0.248333	0.241611	0.236842	0.244262	0.246711	0.240984	0.230897	0.236928	0.251634
enses_DP6b  	0.265781	0.249169	0.240741	0.261589	0.269868	0.253311	0.265886	0.269103	0.273333	0.245000	0.242424	0.247508	0.252492	0.267442	0.249164	0.232441	0.254153	0.052980	0.006689	0.096990	0.000000	0.021523	0.033113	0.258333	0.257475	0.244186	0.268333	0.259322	0.262458	0.255034	0.269868	0.263333	0.256623	0.261667	0.273179	0.250000	0.252508	0.253311	0.253333	0.253448	0.255435	0.241667	0.262458	0.265886	0.263441	0.265101	0.261667	0.264120	0.249169	0.250831	0.249164	0.244186	0.243333	0.258333	0.264120	0.247492	0.262458	0.276490	0.279801	0.254325	0.255000	0.250831	0.261745	0.273179	0.263333	0.259136	0.224315	0.254153	0.246644	0.269103	0.251656	0.258389	0.275000	0.266556	0.254209	0.268456	0.271812	0.267442	0.269360	0.271667	0.266667	0.265781	0.251656	0.235786	0.240066	0.240864	0.235000	0.239203	0.236667	0.242525	0.240000	0.238333	0.242525	0.240000	0.244186	0.242525	0.244108	0.237288	0.249169	0.239203	0.260000	0.252492	0.238255	0.256623	0.264901
s_JBMPL503  	0.252427	0.239482	0.226230	0.248387	0.256452	0.241935	0.252443	0.255663	0.260586	0.232143	0.227869	0.236246	0.239482	0.255663	0.241042	0.219870	0.244337	0.054839	0.019802	0.113861	0.021523	0.000000	0.024510	0.248377	0.242718	0.234628	0.253247	0.245875	0.247573	0.245098	0.258065	0.250000	0.246774	0.248377	0.262903	0.233660	0.241830	0.241935	0.240260	0.242424	0.244643	0.228896	0.247573	0.252443	0.249129	0.257377	0.248377	0.252427	0.239482	0.236246	0.236156	0.234628	0.235390	0.248377	0.250809	0.232899	0.250809	0.260518	0.269355	0.246622	0.239414	0.241100	0.250000	0.261290	0.256494	0.245955	0.218855	0.244337	0.235294	0.252427	0.237097	0.246732	0.261364	0.251613	0.244262	0.256536	0.260656	0.255663	0.257377	0.259740	0.254072	0.250809	0.238710	0.223856	0.229032	0.228155	0.221498	0.226537	0.224026	0.229773	0.227273	0.225649	0.229773	0.227273	0.231392	0.229773	0.232787	0.226073	0.237013	0.228155	0.246753	0.239482	0.227869	0.245161	0.251613
s_JEMPC_P9  	0.254072	0.244300	0.231023	0.253247	0.258117	0.243506	0.254098	0.257329	0.269608	0.236066	0.232673	0.242671	0.244300	0.257329	0.244262	0.224590	0.245928	0.074919	0.024671	0.121311	0.033113	0.024510	0.000000	0.254902	0.247557	0.237785	0.258170	0.252492	0.252443	0.246711	0.259740	0.256536	0.250000	0.250000	0.267857	0.241776	0.250820	0.243506	0.248366	0.250847	0.247331	0.236928	0.252443	0.255738	0.252632	0.259076	0.251634	0.258958	0.244300	0.241042	0.240984	0.239414	0.236928	0.256536	0.257329	0.240984	0.253268	0.269481	0.273616	0.244898	0.245098	0.249186	0.254934	0.262987	0.254902	0.246732	0.224662	0.249186	0.243421	0.260586	0.241883	0.253289	0.267974	0.259740	0.245875	0.258224	0.262376	0.257329	0.260726	0.259804	0.254098	0.255700	0.251623	0.237624	0.241042	0.241830	0.235197	0.240196	0.237705	0.243464	0.240196	0.239344	0.241042	0.240984	0.244300	0.242671	0.243377	0.238333	0.246732	0.237785	0.251634	0.244300	0.235974	0.246753	0.254870
Chichi      	0.159164	0.070740	0.048860	0.133013	0.092949	0.102564	0.126214	0.131833	0.137540	0.088997	0.086601	0.101286	0.141479	0.130645	0.134304	0.117742	0.065916	0.253226	0.252475	0.238487	0.258333	0.248377	0.254902	0.000000	0.083601	0.077170	0.133871	0.068627	0.069132	0.064935	0.126603	0.069355	0.075321	0.080645	0.080128	0.084691	0.076299	0.086538	0.079032	0.065000	0.090747	0.145161	0.094855	0.100000	0.058824	0.120521	0.083871	0.075321	0.075563	0.160772	0.088710	0.070740	0.057878	0.077419	0.075563	0.071197	0.075806	0.086817	0.141479	0.090301	0.077670	0.064309	0.073052	0.075321	0.098387	0.143548	0.241611	0.099359	0.071429	0.078778	0.089744	0.064935	0.087097	0.056090	0.171010	0.188925	0.194444	0.191318	0.184039	0.200000	0.163430	0.143087	0.217042	0.209150	0.213826	0.216129	0.214286	0.217742	0.215210	0.217742	0.214516	0.213592	0.213826	0.211974	0.167203	0.204839	0.210784	0.212171	0.195793	0.212219	0.130645	0.093248	0.086319	0.123397	0.084936
Dajwani     	0.155449	0.097756	0.073052	0.137380	0.092652	0.119808	0.116129	0.132588	0.133871	0.098387	0.091205	0.099042	0.131410	0.133441	0.138710	0.119355	0.083333	0.258842	0.254934	0.250820	0.257475	0.242718	0.247557	0.083601	0.000000	0.078526	0.133441	0.073290	0.041667	0.082524	0.111821	0.072115	0.052716	0.072347	0.067093	0.089286	0.079288	0.100639	0.077170	0.063333	0.090426	0.141479	0.083333	0.087097	0.058621	0.116883	0.024038	0.073718	0.088141	0.154952	0.098387	0.086538	0.091640	0.081994	0.075321	0.058065	0.073955	0.083333	0.152244	0.107023	0.077419	0.078526	0.079288	0.087859	0.106109	0.135048	0.249164	0.099359	0.050162	0.080128	0.084665	0.074194	0.062701	0.059105	0.175896	0.202922	0.203583	0.205128	0.195440	0.210611	0.161290	0.139423	0.217949	0.210098	0.214744	0.217042	0.215210	0.218650	0.216129	0.218650	0.215434	0.214516	0.214744	0.212903	0.177885	0.205788	0.211726	0.211475	0.195161	0.213141	0.136656	0.099359	0.089286	0.115016	0.025559
Dedhi       	0.152244	0.084936	0.076052	0.132588	0.094249	0.103834	0.117742	0.134615	0.146774	0.077170	0.107492	0.081731	0.137821	0.138264	0.148387	0.130645	0.064103	0.242765	0.243421	0.232787	0.244186	0.234628	0.237785	0.077170	0.078526	0.000000	0.154341	0.070033	0.068910	0.066343	0.142173	0.077170	0.076677	0.073718	0.055911	0.105519	0.048544	0.099042	0.057878	0.071429	0.093972	0.152733	0.097756	0.109677	0.087931	0.134740	0.080386	0.081731	0.088141	0.173077	0.077170	0.062500	0.069132	0.046624	0.060897	0.054839	0.081994	0.104167	0.157051	0.102007	0.046624	0.073482	0.067961	0.092652	0.094855	0.138264	0.236667	0.104167	0.059871	0.102564	0.102236	0.066343	0.096463	0.076677	0.179153	0.194805	0.195440	0.203526	0.195440	0.209003	0.162903	0.149038	0.213141	0.205212	0.213141	0.215434	0.213592	0.217042	0.214516	0.217042	0.213826	0.212903	0.213141	0.211290	0.171474	0.207395	0.210098	0.211475	0.188710	0.211538	0.144695	0.084936	0.087379	0.123003	0.081470
eg16t_noor  	0.092949	0.138264	0.123779	0.084936	0.116987	0.112179	0.130645	0.128617	0.098706	0.126214	0.127451	0.138264	0.083601	0.143548	0.097087	0.097087	0.144695	0.258065	0.262376	0.258224	0.268333	0.253247	0.258170	0.133871	0.133441	0.154341	0.000000	0.150820	0.125402	0.144481	0.110577	0.138710	0.113782	0.159677	0.157051	0.130293	0.147727	0.115385	0.148387	0.148829	0.138790	0.075321	0.107717	0.101942	0.145329	0.112378	0.141935	0.128617	0.133441	0.102894	0.137540	0.141479	0.145161	0.150000	0.141479	0.131068	0.148387	0.146302	0.102894	0.140940	0.139159	0.127010	0.141234	0.139423	0.135484	0.088710	0.264214	0.101286	0.141234	0.128617	0.112179	0.149351	0.135484	0.136218	0.184039	0.198697	0.205882	0.202572	0.194444	0.211290	0.185484	0.093248	0.154341	0.147727	0.155949	0.157556	0.161290	0.162903	0.159164	0.162379	0.159164	0.158065	0.159164	0.159164	0.122186	0.151125	0.157468	0.160131	0.144013	0.157556	0.087097	0.144695	0.128664	0.131410	0.142628
Dibbas      	0.163399	0.081699	0.066007	0.143322	0.100977	0.117264	0.120066	0.140065	0.151316	0.091803	0.091362	0.087948	0.138889	0.145902	0.141447	0.129508	0.089869	0.255738	0.255034	0.239130	0.259322	0.245875	0.252492	0.068627	0.073290	0.070033	0.150820	0.000000	0.057190	0.089109	0.136808	0.062092	0.076547	0.057190	0.061889	0.089404	0.069307	0.092834	0.050820	0.074324	0.074007	0.147541	0.091503	0.103279	0.061404	0.140728	0.075163	0.081433	0.086601	0.171010	0.085246	0.083333	0.068627	0.065574	0.071895	0.054276	0.077049	0.081699	0.156863	0.081633	0.055738	0.071661	0.080858	0.096091	0.113115	0.144262	0.248299	0.104235	0.069307	0.093137	0.091205	0.077303	0.096721	0.068404	0.172185	0.193709	0.194352	0.196078	0.188742	0.204918	0.166118	0.140523	0.223856	0.215947	0.214052	0.216393	0.214521	0.218033	0.215461	0.218033	0.214754	0.213816	0.214052	0.212171	0.169935	0.206557	0.210963	0.212375	0.192434	0.212418	0.152459	0.083333	0.090759	0.128664	0.076547
Ebrahimi    	0.141026	0.076923	0.068182	0.127796	0.075080	0.097444	0.107717	0.126603	0.133871	0.069132	0.083062	0.083333	0.129808	0.131833	0.132258	0.116129	0.064103	0.254019	0.258224	0.245902	0.262458	0.247573	0.252443	0.069132	0.041667	0.068910	0.125402	0.057190	0.000000	0.066343	0.115016	0.059486	0.054313	0.062701	0.060703	0.077922	0.056634	0.079872	0.051447	0.055000	0.079787	0.136656	0.062500	0.085484	0.048276	0.118506	0.049839	0.067308	0.067308	0.153846	0.062903	0.060897	0.072347	0.059486	0.049679	0.037097	0.054662	0.070513	0.139423	0.090301	0.062903	0.041667	0.056634	0.068690	0.101286	0.125402	0.252508	0.099359	0.053398	0.064103	0.063898	0.051780	0.065916	0.043131	0.169381	0.193182	0.197068	0.195513	0.188925	0.204180	0.156452	0.126603	0.211538	0.205212	0.205128	0.207395	0.207120	0.209003	0.208065	0.209003	0.205788	0.204839	0.205128	0.204839	0.165064	0.196141	0.203583	0.203279	0.188710	0.203526	0.123794	0.076923	0.066558	0.118211	0.051118
Ewent_ayob  	0.152104	0.067742	0.080065	0.129032	0.085484	0.103226	0.122150	0.145631	0.141234	0.079805	0.091803	0.095469	0.140777	0.136364	0.141694	0.125000	0.008065	0.245130	0.247508	0.238411	0.255034	0.245098	0.246711	0.064935	0.082524	0.066343	0.144481	0.089109	0.066343	0.000000	0.127419	0.077670	0.074194	0.081169	0.056452	0.081967	0.058632	0.080645	0.069805	0.077181	0.084229	0.149351	0.088997	0.105863	0.066202	0.126230	0.077922	0.088997	0.067961	0.169903	0.073290	0.051613	0.077922	0.061688	0.064725	0.076299	0.055195	0.085761	0.144013	0.094276	0.073290	0.067961	0.053922	0.054839	0.095779	0.144481	0.249158	0.101942	0.078176	0.079288	0.072581	0.063518	0.084416	0.048387	0.167763	0.190164	0.189145	0.195793	0.179276	0.199675	0.153094	0.122977	0.218447	0.212171	0.218447	0.220779	0.220588	0.222403	0.221498	0.222403	0.219156	0.218241	0.218447	0.218241	0.179612	0.209416	0.216393	0.216887	0.195440	0.216828	0.129450	0.082524	0.074919	0.120968	0.075806
Fagous      	0.129393	0.126198	0.127832	0.133758	0.089172	0.119427	0.072347	0.123003	0.110932	0.123794	0.116883	0.137380	0.108626	0.126603	0.090032	0.093248	0.127796	0.259615	0.262295	0.251634	0.269868	0.258065	0.259740	0.126603	0.111821	0.142173	0.110577	0.136808	0.115016	0.127419	0.000000	0.123397	0.106688	0.134615	0.140127	0.124595	0.140323	0.103503	0.141026	0.136213	0.132509	0.115385	0.118211	0.107717	0.128866	0.093851	0.120192	0.124601	0.123003	0.094249	0.125402	0.127796	0.123397	0.142628	0.129393	0.131833	0.137821	0.130990	0.094249	0.131667	0.135048	0.123003	0.132258	0.119427	0.105769	0.121795	0.258333	0.105431	0.122581	0.121406	0.103503	0.138710	0.133013	0.128981	0.173701	0.210356	0.214286	0.209265	0.202922	0.217949	0.170418	0.126198	0.198083	0.189935	0.188498	0.190705	0.188710	0.192308	0.189711	0.192308	0.189103	0.191318	0.191693	0.189711	0.129393	0.182692	0.188312	0.186275	0.181672	0.186901	0.113782	0.135783	0.121359	0.092357	0.121019
Fard4       	0.151125	0.083601	0.077922	0.136218	0.081731	0.099359	0.108414	0.134615	0.139159	0.087379	0.092834	0.081731	0.130225	0.120968	0.144013	0.117742	0.078778	0.258065	0.259076	0.246711	0.263333	0.250000	0.256536	0.069355	0.072115	0.077170	0.138710	0.062092	0.059486	0.077670	0.123397	0.000000	0.076923	0.048387	0.062500	0.086319	0.077670	0.102564	0.072581	0.086667	0.076512	0.143548	0.091640	0.108414	0.067474	0.122150	0.073955	0.069132	0.083601	0.160256	0.087379	0.084936	0.080645	0.080645	0.077170	0.072581	0.075806	0.072347	0.141479	0.096990	0.072816	0.073955	0.082792	0.076923	0.101613	0.143548	0.256711	0.107717	0.067961	0.075563	0.096154	0.069355	0.074194	0.057692	0.178105	0.201954	0.209150	0.204180	0.200980	0.216129	0.166667	0.138264	0.233119	0.225490	0.226688	0.229032	0.227273	0.230645	0.228155	0.230645	0.227419	0.226537	0.226688	0.224919	0.170418	0.217742	0.223856	0.225329	0.200647	0.225080	0.141935	0.075563	0.084416	0.113782	0.075321
Faslee      	0.138978	0.073482	0.074434	0.113057	0.062102	0.101911	0.117363	0.118211	0.109325	0.075563	0.102273	0.087859	0.126198	0.131410	0.120579	0.110932	0.075080	0.251603	0.254098	0.236928	0.256623	0.246774	0.250000	0.075321	0.052716	0.076677	0.113782	0.076547	0.054313	0.074194	0.106688	0.076923	0.000000	0.091346	0.071656	0.097087	0.075806	0.085987	0.081731	0.073090	0.061837	0.131410	0.059105	0.078778	0.084192	0.108414	0.044872	0.071885	0.051118	0.143770	0.073955	0.068690	0.083333	0.076923	0.067093	0.065916	0.075321	0.091054	0.143770	0.090000	0.056270	0.054313	0.062903	0.079618	0.081731	0.133013	0.251667	0.084665	0.062903	0.084665	0.079618	0.066129	0.054487	0.070064	0.168831	0.186084	0.193182	0.193291	0.185065	0.200321	0.154341	0.137380	0.206070	0.199675	0.202875	0.205128	0.204839	0.206731	0.205788	0.206731	0.203526	0.202572	0.202875	0.202572	0.153355	0.193910	0.201299	0.202614	0.170418	0.201278	0.121795	0.095847	0.071197	0.119427	0.046178
Gajar       	0.144695	0.085209	0.089286	0.144231	0.097756	0.108974	0.105178	0.138264	0.158576	0.088710	0.093137	0.094855	0.127010	0.130645	0.150485	0.127832	0.078778	0.256452	0.255776	0.246711	0.261667	0.248377	0.250000	0.080645	0.072347	0.073718	0.159677	0.057190	0.062701	0.081169	0.134615	0.048387	0.091346	0.000000	0.062500	0.089577	0.071429	0.108974	0.072581	0.078333	0.097865	0.143548	0.102894	0.113269	0.064014	0.136808	0.077419	0.077170	0.094855	0.167203	0.082258	0.085209	0.074194	0.074194	0.073955	0.074434	0.077419	0.075563	0.146302	0.103679	0.074194	0.075321	0.077922	0.083333	0.111290	0.145161	0.254181	0.109325	0.071197	0.091640	0.105769	0.073052	0.103226	0.070513	0.178105	0.201954	0.205882	0.204180	0.197712	0.209677	0.171521	0.138264	0.223473	0.215686	0.220257	0.222581	0.220779	0.224194	0.221683	0.224194	0.220968	0.220065	0.220257	0.218447	0.176849	0.214516	0.217320	0.218750	0.194175	0.218650	0.146774	0.078778	0.100649	0.120192	0.078526
Halawy      	0.162939	0.087859	0.090615	0.152866	0.095541	0.113057	0.117363	0.158147	0.144695	0.078778	0.105519	0.089457	0.156550	0.134615	0.151125	0.144695	0.057508	0.269231	0.270492	0.259804	0.273179	0.262903	0.267857	0.080128	0.067093	0.055911	0.157051	0.061889	0.060703	0.056452	0.140127	0.062500	0.071656	0.062500	0.000000	0.093851	0.043548	0.103503	0.041667	0.074751	0.088339	0.158654	0.086262	0.117363	0.058419	0.132686	0.065705	0.089457	0.075080	0.180511	0.075563	0.063898	0.081731	0.043269	0.055911	0.064309	0.051282	0.083067	0.154952	0.108333	0.048232	0.071885	0.048387	0.074841	0.115385	0.166667	0.253333	0.118211	0.069355	0.076677	0.097134	0.058065	0.084936	0.039809	0.180195	0.199029	0.199675	0.210863	0.198052	0.214744	0.168810	0.138978	0.230032	0.224026	0.226837	0.229167	0.229032	0.230769	0.229904	0.230769	0.227564	0.226688	0.226837	0.226688	0.183706	0.221154	0.225649	0.225490	0.200965	0.225240	0.158654	0.083067	0.082524	0.130573	0.063694
Hamria      	0.131494	0.079545	0.085526	0.129450	0.114887	0.106796	0.117647	0.120130	0.127451	0.111111	0.032895	0.102273	0.129870	0.110390	0.135621	0.109477	0.081169	0.239414	0.246667	0.242525	0.250000	0.233660	0.241776	0.084691	0.089286	0.105519	0.130293	0.089404	0.077922	0.081967	0.124595	0.086319	0.097087	0.089577	0.093851	0.000000	0.091803	0.106796	0.086319	0.088926	0.111111	0.128664	0.097403	0.102941	0.080139	0.123355	0.102606	0.079545	0.107143	0.139610	0.112745	0.086039	0.087948	0.094463	0.089286	0.086601	0.094463	0.079545	0.134740	0.103390	0.086601	0.094156	0.098361	0.097087	0.125407	0.141694	0.240678	0.108766	0.101639	0.042071	0.087379	0.101639	0.097720	0.076052	0.172697	0.189145	0.192434	0.188312	0.184211	0.197068	0.154723	0.098706	0.206169	0.194719	0.199675	0.201954	0.198361	0.203583	0.200980	0.203583	0.200326	0.202614	0.202922	0.200980	0.149351	0.197068	0.199670	0.196013	0.184641	0.198052	0.135179	0.084416	0.088525	0.118123	0.103560
Hawawiri    	0.153722	0.072816	0.078431	0.145161	0.087097	0.104839	0.117264	0.145631	0.139610	0.060261	0.106557	0.076052	0.139159	0.152597	0.151466	0.131494	0.055016	0.248377	0.250825	0.240924	0.252508	0.241830	0.250820	0.076299	0.079288	0.048544	0.147727	0.069307	0.056634	0.058632	0.140323	0.077670	0.075806	0.071429	0.043548	0.091803	0.000000	0.096774	0.024272	0.072148	0.078292	0.149351	0.090615	0.105863	0.059233	0.139344	0.084416	0.090615	0.069355	0.184466	0.061688	0.050000	0.069579	0.004854	0.025890	0.042208	0.064935	0.072581	0.152104	0.090909	0.055195	0.051780	0.032680	0.074194	0.100649	0.155844	0.250000	0.098706	0.064935	0.077670	0.096774	0.053746	0.092532	0.061290	0.175987	0.196721	0.195724	0.202265	0.192434	0.211039	0.166124	0.142395	0.213592	0.207237	0.215210	0.215909	0.215686	0.217532	0.216612	0.217532	0.214286	0.213355	0.213592	0.213355	0.176375	0.204545	0.213816	0.215232	0.191558	0.213592	0.152597	0.080906	0.075163	0.124194	0.085484
Hayany      	0.153355	0.092652	0.076052	0.128981	0.078025	0.101911	0.096463	0.137380	0.143087	0.086817	0.103896	0.107029	0.134185	0.137821	0.122186	0.117363	0.081470	0.245192	0.247541	0.236928	0.253311	0.241935	0.243506	0.086538	0.100639	0.099042	0.115385	0.092834	0.079872	0.080645	0.103503	0.102564	0.085987	0.108974	0.103503	0.106796	0.096774	0.000000	0.094551	0.098007	0.091873	0.120192	0.086262	0.093248	0.073883	0.105178	0.092949	0.103834	0.086262	0.146965	0.081994	0.081470	0.089744	0.099359	0.086262	0.088424	0.096154	0.116613	0.113419	0.091667	0.101286	0.083067	0.087097	0.079618	0.097756	0.128205	0.245000	0.110224	0.106452	0.100639	0.050955	0.088710	0.102564	0.089172	0.159091	0.181230	0.185065	0.186901	0.170455	0.187500	0.155949	0.137380	0.212460	0.204545	0.202875	0.205128	0.203226	0.206731	0.204180	0.206731	0.203526	0.202572	0.202875	0.200965	0.159744	0.193910	0.199675	0.202614	0.199357	0.201278	0.118590	0.094249	0.087379	0.087580	0.090764
Helwa       	0.151125	0.072347	0.078176	0.139423	0.092949	0.104167	0.114887	0.143087	0.145631	0.064725	0.101307	0.078778	0.141479	0.141935	0.144013	0.129450	0.070740	0.248387	0.251645	0.240132	0.253333	0.240260	0.248366	0.079032	0.077170	0.057878	0.148387	0.050820	0.051447	0.069805	0.141026	0.072581	0.081731	0.072581	0.041667	0.086319	0.024272	0.094551	0.000000	0.078595	0.081851	0.143548	0.090032	0.101942	0.053633	0.138436	0.082258	0.093248	0.075321	0.173633	0.061290	0.053055	0.065916	0.020833	0.032154	0.035484	0.061290	0.073955	0.151125	0.082215	0.048387	0.054662	0.048701	0.075321	0.116129	0.141935	0.241611	0.102894	0.075806	0.077170	0.092949	0.058442	0.091935	0.059295	0.169935	0.187296	0.186275	0.196141	0.186275	0.204839	0.152104	0.141479	0.215434	0.209150	0.205788	0.208065	0.207792	0.209677	0.208738	0.209677	0.206452	0.205502	0.205788	0.205502	0.172026	0.200000	0.204248	0.205592	0.189320	0.204180	0.154839	0.073955	0.076547	0.128205	0.083333
Hilali      	0.150000	0.065000	0.071906	0.141196	0.094684	0.109635	0.112416	0.140000	0.148829	0.081940	0.084459	0.096667	0.148333	0.143813	0.145973	0.111296	0.073333	0.250836	0.251712	0.249147	0.253448	0.242424	0.250847	0.065000	0.063333	0.071429	0.148829	0.074324	0.055000	0.077181	0.136213	0.086667	0.073090	0.078333	0.074751	0.088926	0.072148	0.098007	0.078595	0.000000	0.102941	0.153846	0.095000	0.105351	0.066308	0.136364	0.070234	0.081395	0.081667	0.175000	0.080268	0.059801	0.053333	0.076923	0.070000	0.066890	0.080268	0.093333	0.165000	0.106529	0.081940	0.061462	0.070470	0.088040	0.107023	0.146667	0.251736	0.116279	0.073826	0.089701	0.093023	0.051839	0.083612	0.068106	0.171717	0.186869	0.190878	0.183333	0.181208	0.188963	0.167224	0.139535	0.210000	0.202703	0.206667	0.209030	0.208754	0.210702	0.209732	0.210702	0.207358	0.209732	0.210000	0.209732	0.176667	0.197324	0.208475	0.204778	0.199664	0.205000	0.133779	0.093333	0.061667	0.126246	0.069767
Hiri        	0.166667	0.086879	0.082437	0.121908	0.086572	0.102473	0.133929	0.150709	0.137011	0.073214	0.114695	0.097518	0.148936	0.143617	0.150000	0.131673	0.085106	0.261566	0.250903	0.248201	0.255435	0.244643	0.247331	0.090747	0.090426	0.093972	0.138790	0.074007	0.079787	0.084229	0.132509	0.076512	0.061837	0.097865	0.088339	0.111111	0.078292	0.091873	0.081851	0.102941	0.000000	0.149466	0.083333	0.098214	0.081749	0.128114	0.083630	0.081560	0.065603	0.170213	0.071429	0.104610	0.101423	0.080071	0.081560	0.073214	0.067616	0.100707	0.150709	0.084249	0.069395	0.072695	0.076786	0.102473	0.088339	0.154255	0.269373	0.095745	0.084229	0.104610	0.084806	0.089286	0.095745	0.086572	0.180505	0.199640	0.203971	0.205674	0.202166	0.217082	0.163701	0.157801	0.214539	0.207885	0.209220	0.209964	0.207885	0.211744	0.208929	0.211744	0.208185	0.207143	0.207447	0.205357	0.168440	0.197509	0.205776	0.207273	0.192171	0.207447	0.134752	0.097518	0.087814	0.121908	0.084806
