  105
Abel        	0.000000	0.123824	0.136508	0.106250	0.148438	0.115987	0.139498	0.113208	0.103448	0.150316	0.147436	0.143082	0.074132	0.123438	0.099042	0.115873	0.142633	0.250000	0.257426	0.244409	0.259136	0.253268	0.257329	0.132075	0.136792	0.144201	0.081761	0.155556	0.134375	0.149842	0.129688	0.142633	0.145313	0.141270	0.160938	0.137255	0.149206	0.166667	0.134921	0.137705	0.160900	0.087025	0.129688	0.123003	0.143103	0.141479	0.149842	0.136792	0.144654	0.080189	0.149206	0.135220	0.127358	0.150943	0.139498	0.145110	0.153968	0.148438	0.115142	0.143345	0.141956	0.132075	0.161342	0.146875	0.154088	0.071656	0.253333	0.112853	0.146497	0.136364	0.148265	0.141066	0.143533	0.148903	0.200000	0.207937	0.218354	0.213166	0.209119	0.218153	0.179936	0.068750	0.125397	0.132166	0.120253	0.121019	0.123810	0.123028	0.124214	0.119874	0.120253	0.123418	0.119048	0.122642	0.124214	0.123028	0.121359	0.124595	0.115506	0.122222	0.085714	0.143750	0.134494	0.179245	0.146226
Abouman     	0.123824	0.000000	0.090190	0.119938	0.101246	0.105016	0.115987	0.120690	0.125000	0.091483	0.081470	0.079937	0.119497	0.110592	0.128981	0.106013	0.062500	0.229642	0.237624	0.229299	0.240066	0.236928	0.241883	0.070533	0.070533	0.084375	0.122642	0.091772	0.074766	0.061321	0.115265	0.075000	0.070093	0.077287	0.076324	0.080065	0.079114	0.092767	0.075949	0.047231	0.079310	0.126582	0.098131	0.095541	0.058419	0.126603	0.077044	0.086207	0.064263	0.125392	0.090190	0.050157	0.047022	0.081505	0.076563	0.077044	0.072785	0.082555	0.145110	0.095238	0.067610	0.057994	0.075080	0.068536	0.097179	0.117089	0.235099	0.079687	0.087302	0.067187	0.089623	0.079687	0.084906	0.070312	0.153968	0.164038	0.174528	0.166667	0.165625	0.170886	0.136943	0.110592	0.169304	0.173567	0.168770	0.169841	0.173016	0.172956	0.176101	0.168239	0.168770	0.173502	0.167722	0.174528	0.145768	0.169811	0.169355	0.176375	0.165615	0.172468	0.110759	0.077882	0.067823	0.123824	0.076803
Ajwa        	0.136508	0.090190	0.000000	0.115142	0.085174	0.096825	0.104762	0.119048	0.118671	0.082540	0.080906	0.074603	0.095541	0.110410	0.110932	0.094249	0.066246	0.218750	0.231667	0.217042	0.230769	0.226073	0.236066	0.042857	0.050794	0.067823	0.113057	0.081210	0.059937	0.073016	0.096215	0.064873	0.058360	0.079618	0.085174	0.074503	0.079618	0.078025	0.067308	0.060855	0.080420	0.095541	0.089905	0.072347	0.073171	0.111290	0.054140	0.065079	0.079365	0.117460	0.078275	0.075949	0.068254	0.082540	0.063291	0.065287	0.076923	0.078864	0.128981	0.068259	0.069841	0.058544	0.080645	0.069401	0.069841	0.118971	0.234114	0.087025	0.049363	0.087025	0.079618	0.079114	0.052548	0.053797	0.151125	0.152244	0.161342	0.159810	0.158730	0.167203	0.123794	0.115142	0.169872	0.166129	0.169329	0.168810	0.168810	0.171975	0.171975	0.167197	0.167732	0.172524	0.166667	0.170382	0.126984	0.168790	0.160656	0.170492	0.150160	0.169872	0.095847	0.083596	0.066456	0.104762	0.058730
Alig        	0.106250	0.119938	0.115142	0.000000	0.127329	0.084375	0.132812	0.096875	0.077882	0.124214	0.111465	0.112500	0.089342	0.118012	0.122222	0.113565	0.124611	0.243506	0.254934	0.241270	0.259076	0.245928	0.258900	0.118750	0.118750	0.123053	0.090909	0.126183	0.119565	0.128527	0.125776	0.129283	0.121118	0.123028	0.136646	0.100977	0.121451	0.112853	0.115142	0.117264	0.127148	0.099369	0.093168	0.109524	0.128425	0.127796	0.125392	0.095312	0.131250	0.092188	0.119874	0.120313	0.123438	0.123438	0.112150	0.109718	0.111987	0.118012	0.105346	0.113559	0.112853	0.118750	0.140127	0.119565	0.112500	0.096519	0.248344	0.087227	0.121835	0.099688	0.109718	0.124611	0.120690	0.127726	0.177215	0.192429	0.201258	0.196262	0.193750	0.202532	0.152381	0.102484	0.156151	0.155556	0.158805	0.158228	0.158228	0.161442	0.161442	0.156740	0.157233	0.161950	0.156151	0.159875	0.121875	0.158307	0.156452	0.162903	0.124214	0.162461	0.093060	0.113354	0.117925	0.140625	0.125000
Amir_haj    	0.148438	0.101246	0.085174	0.127329	0.000000	0.096875	0.093750	0.112500	0.123053	0.061321	0.111465	0.081250	0.111285	0.114907	0.126984	0.124606	0.070093	0.238636	0.253289	0.246032	0.257426	0.252443	0.262136	0.096875	0.087500	0.095016	0.120690	0.105678	0.079193	0.075235	0.082298	0.090343	0.074534	0.093060	0.086957	0.109121	0.085174	0.092476	0.083596	0.084691	0.097938	0.124606	0.096273	0.098413	0.090753	0.103834	0.081505	0.076563	0.084375	0.135937	0.059937	0.067187	0.089063	0.089063	0.074766	0.081505	0.077287	0.086957	0.124214	0.088136	0.100313	0.078125	0.085987	0.072981	0.087500	0.134494	0.254967	0.090343	0.082278	0.105919	0.089342	0.056075	0.067398	0.077882	0.185127	0.194006	0.201258	0.199377	0.195312	0.204114	0.146032	0.139752	0.192429	0.193651	0.191824	0.188291	0.193038	0.195925	0.195925	0.191223	0.191824	0.198113	0.189274	0.194357	0.134375	0.191223	0.187097	0.191935	0.165094	0.194006	0.119874	0.079193	0.062893	0.090625	0.081250
Aseel       	0.115987	0.105016	0.096825	0.084375	0.096875	0.000000	0.136792	0.127358	0.108150	0.102848	0.108974	0.102201	0.096215	0.131250	0.113419	0.119048	0.097179	0.232026	0.244224	0.233227	0.245847	0.240196	0.249186	0.100629	0.111635	0.092476	0.115142	0.100000	0.109375	0.100946	0.112500	0.097179	0.098437	0.101587	0.107813	0.111111	0.101587	0.100629	0.098413	0.102941	0.098616	0.088889	0.085938	0.102236	0.106897	0.117363	0.108833	0.089623	0.103774	0.114780	0.096519	0.105346	0.110063	0.103774	0.096875	0.097792	0.091772	0.101562	0.127760	0.100683	0.104101	0.097484	0.111821	0.104688	0.081761	0.113057	0.241667	0.094044	0.100318	0.105016	0.102524	0.097179	0.111635	0.105016	0.173016	0.190476	0.197785	0.197492	0.193396	0.202229	0.148562	0.110937	0.157143	0.159744	0.161392	0.162420	0.162420	0.165615	0.164038	0.160883	0.161392	0.166139	0.160317	0.162461	0.130503	0.160883	0.157468	0.163961	0.142405	0.160317	0.096825	0.092188	0.109177	0.122257	0.112853
P1_rOPbAL1  	0.139498	0.115987	0.104762	0.132812	0.093750	0.136792	0.000000	0.111635	0.134796	0.123418	0.129393	0.109718	0.119874	0.103125	0.136943	0.136508	0.122257	0.249186	0.257426	0.259554	0.257475	0.253268	0.260586	0.121069	0.089623	0.119122	0.133648	0.128571	0.100000	0.129338	0.087500	0.103448	0.128125	0.114286	0.128125	0.107843	0.119048	0.104101	0.112698	0.118033	0.131488	0.136076	0.125000	0.113419	0.105172	0.116987	0.111987	0.113208	0.122642	0.135220	0.122222	0.117925	0.110063	0.121069	0.115987	0.115142	0.119048	0.112500	0.109177	0.122867	0.122642	0.113208	0.126603	0.107813	0.117925	0.135350	0.263333	0.101881	0.114650	0.115987	0.108491	0.112853	0.115142	0.115987	0.186306	0.198413	0.207278	0.197492	0.199686	0.207937	0.160828	0.128125	0.190476	0.195860	0.186709	0.186306	0.188889	0.186120	0.188679	0.184543	0.185127	0.186709	0.184127	0.187107	0.139937	0.186120	0.184466	0.194175	0.180380	0.190476	0.130159	0.120313	0.112342	0.099057	0.111635
CAP50bhOA1  	0.113208	0.120690	0.119048	0.096875	0.112500	0.127358	0.111635	0.000000	0.095611	0.137658	0.113782	0.132075	0.089623	0.106250	0.101911	0.109524	0.119122	0.236928	0.240066	0.233227	0.242525	0.237705	0.242671	0.122642	0.110063	0.123824	0.110063	0.133333	0.117188	0.123028	0.085938	0.120690	0.125000	0.112698	0.134375	0.108197	0.130159	0.127760	0.125397	0.122951	0.151724	0.125397	0.125000	0.087859	0.132759	0.102564	0.122642	0.099057	0.131661	0.092767	0.133333	0.124214	0.116352	0.133648	0.131661	0.129338	0.134921	0.128125	0.104430	0.134812	0.129338	0.125786	0.143770	0.123438	0.125786	0.092357	0.235000	0.087774	0.124204	0.117555	0.107256	0.121875	0.118297	0.137931	0.199045	0.204762	0.213608	0.202194	0.207547	0.211783	0.164537	0.114062	0.144444	0.141720	0.139241	0.138095	0.138535	0.141509	0.139937	0.137224	0.137224	0.145110	0.139683	0.141956	0.087774	0.137224	0.137987	0.144481	0.126582	0.140823	0.112698	0.120313	0.115506	0.124214	0.122257
Aziza       	0.103448	0.125000	0.118671	0.077882	0.123053	0.108150	0.134796	0.095611	0.000000	0.141956	0.113419	0.123824	0.086478	0.135514	0.100000	0.113924	0.139063	0.257329	0.264026	0.254777	0.266556	0.258170	0.267857	0.130094	0.114420	0.145313	0.084906	0.139241	0.124611	0.146226	0.109034	0.131250	0.113707	0.136076	0.144860	0.114379	0.131329	0.130503	0.120253	0.127451	0.127586	0.085443	0.112150	0.095541	0.132302	0.112179	0.124214	0.103448	0.133229	0.105016	0.143987	0.137931	0.131661	0.134796	0.131250	0.121069	0.132911	0.127726	0.111987	0.144558	0.125786	0.122257	0.140575	0.127726	0.133229	0.093651	0.260797	0.085938	0.120635	0.101562	0.111635	0.139063	0.111635	0.135937	0.192063	0.207278	0.216088	0.214062	0.213166	0.219048	0.160828	0.110592	0.151899	0.154459	0.159306	0.158730	0.158730	0.161950	0.160377	0.157233	0.157729	0.162461	0.156646	0.158805	0.112853	0.157233	0.155340	0.161812	0.127358	0.161392	0.101266	0.143302	0.121451	0.131661	0.122257
zr9q_az3aq  	0.150316	0.091483	0.082540	0.124214	0.061321	0.102848	0.123418	0.137658	0.141956	0.000000	0.111290	0.050633	0.123810	0.111635	0.143087	0.138978	0.070978	0.226974	0.232558	0.229904	0.237542	0.231148	0.241830	0.082278	0.071203	0.067610	0.123810	0.082803	0.051887	0.074367	0.117925	0.077287	0.069182	0.073248	0.059748	0.110561	0.054313	0.098413	0.057325	0.065789	0.079861	0.128981	0.094340	0.102894	0.078125	0.120968	0.063492	0.077532	0.061709	0.136076	0.004777	0.053797	0.069620	0.056962	0.052050	0.046032	0.049363	0.080189	0.155063	0.063356	0.072785	0.050473	0.046774	0.069182	0.091772	0.135783	0.232441	0.108833	0.070513	0.100946	0.085714	0.055205	0.065079	0.066246	0.168269	0.175719	0.181529	0.186120	0.183544	0.192308	0.135048	0.136792	0.177316	0.176849	0.171975	0.166667	0.176282	0.177778	0.180952	0.173016	0.173567	0.179936	0.169329	0.177778	0.150316	0.174603	0.171569	0.174837	0.167197	0.175719	0.117460	0.064465	0.053968	0.118671	0.063291
Barmel      	0.147436	0.081470	0.080906	0.111465	0.111465	0.108974	0.129393	0.113782	0.113419	0.111290	0.000000	0.103834	0.133013	0.092357	0.140777	0.121359	0.075080	0.235099	0.243289	0.242718	0.241611	0.232558	0.248344	0.086538	0.089744	0.105431	0.135048	0.101942	0.089172	0.073955	0.116242	0.084665	0.098726	0.093851	0.101911	0.046358	0.108414	0.105769	0.096463	0.080000	0.107018	0.123794	0.103503	0.116883	0.079225	0.123377	0.094855	0.076923	0.100962	0.135783	0.108414	0.089744	0.083333	0.108974	0.102236	0.093248	0.100324	0.093949	0.137097	0.112457	0.102564	0.084936	0.098039	0.097134	0.112179	0.147249	0.250000	0.119808	0.094156	0.052716	0.075080	0.102236	0.094855	0.086262	0.158065	0.177994	0.187097	0.177316	0.184295	0.191935	0.151466	0.108280	0.174194	0.173701	0.174194	0.173139	0.172581	0.176849	0.176849	0.172026	0.172581	0.179032	0.171521	0.176849	0.137821	0.176849	0.171053	0.177632	0.154839	0.179032	0.124194	0.093949	0.083601	0.116987	0.096154
Began       	0.143082	0.079937	0.074603	0.112500	0.081250	0.102201	0.109718	0.132075	0.123824	0.050633	0.103834	0.000000	0.110410	0.115625	0.127389	0.123810	0.083072	0.219870	0.229373	0.219745	0.225914	0.225490	0.229642	0.081761	0.072327	0.073668	0.118297	0.073016	0.065625	0.082019	0.117188	0.072100	0.068750	0.071429	0.065625	0.099673	0.041270	0.091483	0.047619	0.068852	0.083045	0.122222	0.093750	0.089457	0.075862	0.113419	0.069401	0.083333	0.064465	0.130503	0.049206	0.064465	0.072327	0.044025	0.045455	0.042587	0.055556	0.075000	0.131329	0.052901	0.066038	0.066038	0.064103	0.076563	0.081761	0.127389	0.230000	0.090909	0.060510	0.090909	0.088050	0.075235	0.070978	0.075235	0.149682	0.158730	0.164557	0.167712	0.165094	0.173016	0.123003	0.123438	0.177778	0.172524	0.172468	0.170382	0.171975	0.175079	0.176656	0.170347	0.170886	0.175633	0.169841	0.175079	0.138365	0.171924	0.167208	0.175325	0.155063	0.174603	0.106349	0.064062	0.068038	0.111635	0.070755
yser_hkloo  	0.074132	0.119497	0.095541	0.089342	0.111285	0.096215	0.119874	0.089623	0.086478	0.123810	0.133013	0.110410	0.000000	0.136364	0.068471	0.093949	0.114780	0.236066	0.244186	0.232372	0.246667	0.243421	0.246732	0.111987	0.097792	0.114780	0.064669	0.122611	0.115987	0.121835	0.097179	0.119122	0.108150	0.114650	0.133229	0.126230	0.122611	0.130915	0.111465	0.118421	0.136678	0.052381	0.103448	0.082803	0.121107	0.107372	0.120253	0.103774	0.118297	0.085174	0.119427	0.124606	0.115142	0.124606	0.117925	0.120253	0.130573	0.123824	0.092063	0.114726	0.115506	0.110410	0.138264	0.112853	0.105678	0.078025	0.242475	0.073899	0.110224	0.133648	0.127760	0.125786	0.102848	0.127358	0.177316	0.191083	0.196825	0.191824	0.190852	0.194888	0.158654	0.086207	0.133333	0.130573	0.130159	0.128571	0.128981	0.132492	0.132492	0.128165	0.128165	0.132911	0.127389	0.131329	0.099057	0.131329	0.123377	0.133117	0.125397	0.131329	0.073016	0.115987	0.125397	0.135647	0.118297
Biddajaj    	0.123438	0.110592	0.110410	0.118012	0.114907	0.131250	0.103125	0.106250	0.135514	0.111635	0.092357	0.115625	0.136364	0.000000	0.125397	0.129338	0.104361	0.245130	0.248355	0.250794	0.249175	0.241042	0.254045	0.109375	0.101562	0.116822	0.139498	0.126183	0.094720	0.112853	0.097826	0.088785	0.121118	0.105678	0.111801	0.083062	0.121451	0.119122	0.115142	0.105863	0.127148	0.141956	0.136646	0.120635	0.107877	0.115016	0.112853	0.101562	0.118750	0.098437	0.107256	0.107813	0.104688	0.123438	0.118380	0.117555	0.108833	0.102484	0.130503	0.116949	0.115987	0.106250	0.114650	0.104037	0.118750	0.129747	0.243377	0.130841	0.128165	0.090343	0.112853	0.118380	0.114420	0.102804	0.186709	0.205047	0.212264	0.208723	0.204687	0.216772	0.163492	0.130435	0.179811	0.179365	0.169811	0.166139	0.170886	0.170846	0.172414	0.167712	0.168239	0.174528	0.168770	0.172414	0.135937	0.172414	0.170968	0.179032	0.144654	0.173502	0.118297	0.116460	0.113208	0.140625	0.112500
uds_Raraqs  	0.099042	0.128981	0.110932	0.122222	0.126984	0.113419	0.136943	0.101911	0.100000	0.143087	0.140777	0.127389	0.068471	0.125397	0.000000	0.090032	0.122611	0.240066	0.248322	0.237864	0.241554	0.235880	0.240066	0.119808	0.113419	0.127389	0.083067	0.139871	0.119048	0.129808	0.080952	0.127389	0.120635	0.133441	0.144444	0.134106	0.136656	0.129393	0.133871	0.126246	0.154386	0.080128	0.115873	0.095469	0.121053	0.104839	0.120192	0.126198	0.130990	0.076677	0.135484	0.132166	0.126198	0.138978	0.136943	0.136218	0.137097	0.139683	0.090032	0.134948	0.142173	0.121406	0.144951	0.117460	0.127796	0.072816	0.235593	0.098726	0.119355	0.141720	0.128981	0.133758	0.116987	0.128981	0.181230	0.193548	0.197749	0.199045	0.196486	0.206452	0.171521	0.122222	0.131833	0.124194	0.118971	0.117363	0.117742	0.121406	0.121406	0.116987	0.116987	0.125000	0.119355	0.123397	0.092357	0.118590	0.113487	0.125000	0.116987	0.118590	0.085484	0.130159	0.128205	0.142173	0.123003
BouslKhine  	0.115873	0.106013	0.094249	0.113565	0.124606	0.119048	0.136508	0.109524	0.113924	0.138978	0.121359	0.123810	0.093949	0.129338	0.090032	0.000000	0.113924	0.234323	0.239130	0.232258	0.236577	0.228477	0.228618	0.093651	0.096825	0.115506	0.106349	0.140575	0.100946	0.117834	0.093060	0.120253	0.113565	0.123003	0.138801	0.120462	0.134185	0.122611	0.125000	0.104918	0.130662	0.102236	0.107256	0.095161	0.113240	0.105178	0.105096	0.112698	0.120635	0.087302	0.126603	0.113924	0.095238	0.136508	0.129747	0.124204	0.125000	0.127760	0.113419	0.121160	0.124204	0.117460	0.130645	0.108833	0.091772	0.101286	0.228188	0.091772	0.096154	0.117089	0.132166	0.128165	0.105096	0.115506	0.167203	0.189103	0.193291	0.189873	0.192063	0.194534	0.141479	0.132492	0.158654	0.156452	0.145367	0.144695	0.146302	0.148089	0.149682	0.143312	0.143770	0.148562	0.142628	0.148089	0.107937	0.144904	0.138889	0.150327	0.116613	0.145833	0.100962	0.115142	0.124204	0.128571	0.106349
Braim       	0.142633	0.062500	0.066246	0.124611	0.070093	0.097179	0.122257	0.119122	0.139063	0.070978	0.075080	0.083072	0.114780	0.104361	0.122611	0.113924	0.000000	0.232143	0.240132	0.236508	0.242574	0.237785	0.247573	0.068966	0.075235	0.059375	0.130503	0.093354	0.063863	0.009434	0.105919	0.065625	0.059190	0.077532	0.054517	0.083333	0.071203	0.081761	0.071203	0.066993	0.082759	0.121835	0.093458	0.097134	0.065292	0.115385	0.056604	0.073668	0.056426	0.126959	0.066456	0.045455	0.075235	0.073668	0.068750	0.069182	0.052215	0.084112	0.141956	0.086441	0.067610	0.059561	0.055732	0.054517	0.083072	0.131746	0.241722	0.090625	0.074367	0.075000	0.066038	0.053125	0.066038	0.045312	0.163492	0.172468	0.176656	0.178125	0.173981	0.185714	0.138535	0.115265	0.178797	0.179936	0.178233	0.176190	0.180952	0.182390	0.183962	0.177673	0.178233	0.184543	0.175633	0.182390	0.141066	0.179245	0.171521	0.181230	0.165615	0.181962	0.107595	0.076324	0.058176	0.115987	0.057994
XsRs_93115  	0.250000	0.229642	0.218750	0.243506	0.238636	0.232026	0.249186	0.236928	0.257329	0.226974	0.235099	0.219870	0.236066	0.245130	0.240066	0.234323	0.232143	0.000000	0.044554	0.057003	0.043189	0.047855	0.072607	0.218954	0.221498	0.218241	0.252459	0.234323	0.225649	0.232787	0.228896	0.219870	0.225649	0.226073	0.238636	0.241554	0.227723	0.244262	0.222772	0.216724	0.233813	0.238487	0.232143	0.237542	0.235612	0.240864	0.220588	0.225490	0.230392	0.236156	0.218750	0.220588	0.202614	0.232026	0.223127	0.221311	0.219472	0.237013	0.256579	0.219858	0.228758	0.222222	0.240066	0.224026	0.220588	0.228477	0.215017	0.239414	0.222772	0.245928	0.243464	0.234528	0.217320	0.231270	0.259076	0.267327	0.274671	0.268730	0.276144	0.286184	0.235880	0.248377	0.240132	0.233444	0.228618	0.224422	0.227723	0.231148	0.227869	0.226230	0.226974	0.225329	0.224590	0.224756	0.222222	0.227124	0.227425	0.223154	0.242623	0.228618	0.235974	0.232143	0.221311	0.222222	0.218954
nsfs_9311w  	0.257426	0.237624	0.231667	0.254934	0.253289	0.244224	0.257426	0.240066	0.264026	0.232558	0.243289	0.229373	0.244186	0.248355	0.248322	0.239130	0.240132	0.044554	0.000000	0.079470	0.006711	0.026490	0.034884	0.230132	0.221122	0.227723	0.260797	0.252508	0.235197	0.237542	0.235197	0.231023	0.236842	0.230769	0.246711	0.249147	0.238333	0.253311	0.232558	0.224913	0.238182	0.255000	0.245066	0.250842	0.242701	0.244108	0.230132	0.238411	0.237624	0.242574	0.225914	0.231788	0.214521	0.242574	0.239274	0.230897	0.229097	0.246711	0.262458	0.232975	0.238411	0.235099	0.247492	0.231908	0.233444	0.239933	0.218213	0.252475	0.233333	0.255776	0.253311	0.242574	0.225166	0.245875	0.270000	0.287625	0.288333	0.287129	0.294702	0.306667	0.247475	0.258224	0.250000	0.239933	0.233333	0.229097	0.232441	0.235880	0.232558	0.230897	0.231667	0.229236	0.229236	0.226073	0.236755	0.231788	0.230508	0.232203	0.249169	0.231667	0.250000	0.236842	0.229236	0.235099	0.226821
nsiY_93J21  	0.244409	0.229299	0.217042	0.241270	0.246032	0.233227	0.259554	0.233227	0.254777	0.229904	0.242718	0.219745	0.232372	0.250794	0.237864	0.232258	0.236508	0.057003	0.079470	0.000000	0.079734	0.100329	0.107843	0.226837	0.224522	0.219745	0.251603	0.235484	0.226984	0.235577	0.228571	0.226115	0.228571	0.229032	0.242857	0.243377	0.225806	0.240385	0.224194	0.220000	0.240351	0.236334	0.233333	0.233766	0.238596	0.241883	0.223642	0.223642	0.230032	0.235669	0.220257	0.223642	0.207668	0.231629	0.224522	0.224359	0.222581	0.241270	0.255627	0.220690	0.231629	0.222045	0.245955	0.226984	0.223642	0.224919	0.212838	0.237261	0.227419	0.246815	0.246006	0.238854	0.226837	0.238854	0.262903	0.270968	0.278135	0.269108	0.276358	0.289389	0.243506	0.246032	0.240323	0.234628	0.229904	0.228155	0.229032	0.232372	0.229167	0.227564	0.228296	0.226688	0.225806	0.225962	0.223642	0.227564	0.229508	0.223684	0.237942	0.229904	0.233871	0.231746	0.221154	0.230032	0.222045
enses_DP6b  	0.259136	0.240066	0.230769	0.259076	0.257426	0.245847	0.257475	0.242525	0.266556	0.237542	0.241611	0.225914	0.246667	0.249175	0.241554	0.236577	0.242574	0.043189	0.006711	0.079734	0.000000	0.028333	0.034884	0.229236	0.221854	0.223510	0.261667	0.250000	0.232673	0.238333	0.234323	0.230132	0.239274	0.231544	0.244224	0.239655	0.234899	0.253333	0.231667	0.228374	0.241818	0.255853	0.244224	0.249158	0.239927	0.240678	0.229236	0.240864	0.237542	0.243377	0.225753	0.234219	0.217608	0.239203	0.240066	0.233333	0.230769	0.247525	0.260000	0.240143	0.235000	0.235880	0.247475	0.232673	0.235880	0.245819	0.214533	0.254967	0.229866	0.256623	0.253333	0.243377	0.224252	0.246689	0.270903	0.285235	0.285000	0.283113	0.294020	0.303691	0.250000	0.255776	0.249164	0.239057	0.230769	0.229866	0.229866	0.233333	0.230000	0.228333	0.229097	0.224080	0.227425	0.224252	0.235880	0.229236	0.228669	0.226962	0.250836	0.229097	0.247492	0.239274	0.232558	0.239203	0.225914
s_JBMPL503  	0.253268	0.236928	0.226073	0.245928	0.252443	0.240196	0.253268	0.237705	0.258170	0.231148	0.232558	0.225490	0.243421	0.241042	0.235880	0.228477	0.237785	0.047855	0.026490	0.100329	0.028333	0.000000	0.026316	0.227869	0.218954	0.222222	0.254934	0.243377	0.229642	0.235197	0.232899	0.223856	0.234528	0.228477	0.242671	0.239865	0.233444	0.252459	0.227723	0.222603	0.237410	0.250825	0.232899	0.244186	0.243682	0.241667	0.224590	0.232787	0.234426	0.238562	0.224422	0.229508	0.213115	0.237705	0.235294	0.225329	0.226073	0.242671	0.255738	0.226950	0.234426	0.231148	0.243377	0.231270	0.231148	0.240066	0.223368	0.251634	0.228477	0.250000	0.249180	0.240196	0.219672	0.240196	0.252475	0.264901	0.265677	0.264706	0.275410	0.287129	0.230000	0.254072	0.241722	0.230897	0.221122	0.217608	0.220199	0.223684	0.220395	0.218750	0.219472	0.216172	0.217822	0.214754	0.224590	0.220395	0.218121	0.217905	0.236842	0.219472	0.245875	0.236156	0.226974	0.236066	0.221311
s_JEMPC_P9  	0.257329	0.241883	0.236066	0.258900	0.262136	0.249186	0.260586	0.242671	0.267857	0.241830	0.248344	0.229642	0.246732	0.254045	0.240066	0.228618	0.247573	0.072607	0.034884	0.107843	0.034884	0.026316	0.000000	0.237785	0.228896	0.232143	0.264706	0.248355	0.234628	0.243464	0.236246	0.232143	0.245955	0.230263	0.245955	0.244932	0.236842	0.259804	0.232787	0.234694	0.248214	0.255738	0.245955	0.252475	0.245520	0.245847	0.234528	0.245928	0.239414	0.243506	0.232787	0.239414	0.218241	0.241042	0.246753	0.238562	0.230263	0.249191	0.259016	0.234155	0.243464	0.242671	0.250825	0.239482	0.231270	0.245875	0.229452	0.258117	0.233553	0.259740	0.259804	0.250000	0.226384	0.251623	0.256579	0.268092	0.268852	0.266234	0.284091	0.286885	0.240066	0.257282	0.251645	0.240924	0.231148	0.231023	0.230263	0.233660	0.230392	0.228758	0.229508	0.226230	0.228618	0.225490	0.237785	0.230392	0.229097	0.228188	0.250820	0.229508	0.250820	0.241100	0.238562	0.242671	0.231270
Chichi      	0.132075	0.070533	0.042857	0.118750	0.096875	0.100629	0.121069	0.122642	0.130094	0.082278	0.086538	0.081761	0.111987	0.109375	0.119808	0.093651	0.068966	0.218954	0.230132	0.226837	0.229236	0.227869	0.237785	0.000000	0.064465	0.067398	0.113565	0.082278	0.060937	0.072555	0.110937	0.067398	0.068750	0.074603	0.084375	0.088525	0.082540	0.094340	0.068254	0.045902	0.074138	0.119048	0.100000	0.084665	0.061856	0.106109	0.064669	0.073899	0.078616	0.124214	0.077532	0.064263	0.051724	0.083333	0.062696	0.066246	0.074603	0.081250	0.123418	0.076792	0.072327	0.056604	0.075321	0.067187	0.081761	0.117834	0.238333	0.081250	0.057325	0.081250	0.088050	0.068966	0.063091	0.053125	0.156051	0.155556	0.167722	0.169279	0.165094	0.171975	0.127796	0.115625	0.176190	0.177316	0.175633	0.178344	0.178344	0.181388	0.181388	0.176656	0.177215	0.181388	0.176190	0.179811	0.138365	0.178233	0.172078	0.176948	0.161392	0.177778	0.096825	0.073438	0.077532	0.119122	0.066038
Dajwani     	0.136792	0.070533	0.050794	0.118750	0.087500	0.111635	0.089623	0.110063	0.114420	0.071203	0.089744	0.072327	0.097792	0.101562	0.113419	0.096825	0.075235	0.221498	0.221122	0.224522	0.221854	0.218954	0.228896	0.064465	0.000000	0.064263	0.111987	0.073016	0.048438	0.077287	0.090625	0.054859	0.056250	0.071429	0.075000	0.088235	0.074603	0.089905	0.063492	0.060656	0.076125	0.119048	0.087500	0.076677	0.065517	0.102894	0.028302	0.064465	0.081761	0.114780	0.071203	0.073899	0.067610	0.077044	0.073668	0.056782	0.065079	0.078125	0.131329	0.080205	0.066246	0.066038	0.083067	0.070312	0.072327	0.122611	0.233333	0.073668	0.052548	0.087774	0.082019	0.075235	0.050314	0.062696	0.156051	0.165079	0.167722	0.172414	0.171384	0.183121	0.129393	0.120313	0.172468	0.171975	0.168770	0.168254	0.168254	0.168770	0.168770	0.166667	0.167192	0.169304	0.166139	0.167192	0.128527	0.168239	0.162903	0.173139	0.149842	0.171924	0.104762	0.081250	0.066456	0.110063	0.026730
Dedhi       	0.144201	0.084375	0.067823	0.123053	0.095016	0.092476	0.119122	0.123824	0.145313	0.067610	0.105431	0.073668	0.114780	0.116822	0.127389	0.115506	0.059375	0.218241	0.227723	0.219745	0.223510	0.222222	0.232143	0.067398	0.064263	0.000000	0.143082	0.070978	0.077882	0.061321	0.115265	0.062500	0.079439	0.075710	0.051402	0.106209	0.050633	0.094340	0.045886	0.063518	0.091379	0.131329	0.110592	0.090764	0.080756	0.118590	0.058176	0.075235	0.081505	0.141066	0.061514	0.062696	0.061129	0.047022	0.053125	0.058176	0.071203	0.088785	0.152997	0.061224	0.051724	0.070312	0.070288	0.071651	0.073668	0.131746	0.235099	0.089063	0.055556	0.104688	0.088050	0.067187	0.083333	0.073438	0.166667	0.172468	0.176656	0.179688	0.178683	0.190476	0.132166	0.129283	0.175633	0.178344	0.179811	0.180952	0.180952	0.185535	0.185535	0.180818	0.181388	0.186120	0.180380	0.183962	0.141066	0.182390	0.169903	0.177994	0.167192	0.178797	0.113924	0.071651	0.077044	0.119122	0.059561
eg16t_noor  	0.081761	0.122642	0.113057	0.090909	0.120690	0.115142	0.133648	0.110063	0.084906	0.123810	0.135048	0.118297	0.064669	0.139498	0.083067	0.106349	0.130503	0.252459	0.260797	0.251603	0.261667	0.254934	0.264706	0.113565	0.111987	0.143082	0.000000	0.146497	0.112853	0.134494	0.111285	0.127358	0.111285	0.136943	0.141066	0.133224	0.136943	0.132911	0.127389	0.125000	0.133218	0.061905	0.098746	0.094551	0.124567	0.109325	0.128165	0.127760	0.127760	0.080442	0.125796	0.134069	0.124606	0.138801	0.132075	0.126582	0.130573	0.134796	0.095238	0.138699	0.132911	0.110410	0.141479	0.126959	0.128931	0.065495	0.260000	0.094340	0.126198	0.132075	0.123418	0.130503	0.115506	0.125786	0.188498	0.199045	0.204762	0.209119	0.205047	0.212460	0.167732	0.090909	0.135350	0.132166	0.131746	0.130573	0.133758	0.134069	0.136792	0.129747	0.129747	0.134494	0.128981	0.135647	0.103774	0.131329	0.129870	0.137987	0.130159	0.133333	0.084395	0.137931	0.123810	0.143533	0.127760
Dibbas      	0.155556	0.091772	0.081210	0.126183	0.105678	0.100000	0.128571	0.133333	0.139241	0.082803	0.101942	0.073016	0.122611	0.126183	0.139871	0.140575	0.093354	0.234323	0.252508	0.235484	0.250000	0.243377	0.248355	0.082278	0.073016	0.070978	0.146497	0.000000	0.072555	0.100318	0.127760	0.055380	0.088328	0.060510	0.059937	0.094371	0.059105	0.100000	0.049679	0.080328	0.087413	0.134185	0.100946	0.104502	0.085366	0.121359	0.073248	0.082278	0.093651	0.144444	0.081470	0.083596	0.083861	0.055556	0.071203	0.070064	0.076923	0.074132	0.140575	0.075601	0.064873	0.080696	0.087379	0.088328	0.092063	0.147436	0.246644	0.104101	0.083067	0.087025	0.088889	0.083861	0.081210	0.086751	0.162379	0.166134	0.170927	0.174051	0.180952	0.181672	0.147436	0.124606	0.185304	0.185484	0.186306	0.184887	0.184887	0.189490	0.189490	0.184713	0.185304	0.190096	0.184295	0.187898	0.144444	0.186306	0.181967	0.189542	0.177316	0.188498	0.121795	0.077287	0.085714	0.121835	0.074603
Ebrahimi    	0.134375	0.074766	0.059937	0.119565	0.079193	0.109375	0.100000	0.117188	0.124611	0.051887	0.089172	0.065625	0.115987	0.094720	0.119048	0.100946	0.063863	0.225649	0.235197	0.226984	0.232673	0.229642	0.234628	0.060937	0.048438	0.077882	0.112853	0.072555	0.000000	0.070533	0.096273	0.059190	0.066770	0.059937	0.066770	0.087948	0.063091	0.073668	0.059937	0.053746	0.079038	0.121451	0.079193	0.088889	0.054795	0.105431	0.048589	0.067187	0.057813	0.109375	0.047319	0.056250	0.068750	0.065625	0.065421	0.054859	0.044164	0.079193	0.127358	0.077966	0.068966	0.042188	0.049363	0.052795	0.079687	0.118671	0.235099	0.088785	0.063291	0.079439	0.062696	0.048287	0.057994	0.042056	0.153481	0.160883	0.171384	0.166667	0.171875	0.175633	0.130159	0.116460	0.175079	0.174603	0.168239	0.169304	0.170886	0.172414	0.173981	0.167712	0.168239	0.172956	0.167192	0.172414	0.135937	0.169279	0.167742	0.172581	0.155660	0.171924	0.100946	0.080745	0.050314	0.118750	0.050000
Ewent_ayob  	0.149842	0.061321	0.073016	0.128527	0.075235	0.100946	0.129338	0.123028	0.146226	0.074367	0.073955	0.082019	0.121835	0.112853	0.129808	0.117834	0.009434	0.232787	0.237542	0.235577	0.238333	0.235197	0.243464	0.072555	0.077287	0.061321	0.134494	0.100318	0.070533	0.000000	0.111285	0.073899	0.065831	0.084127	0.059561	0.083882	0.078025	0.082278	0.078025	0.070724	0.092014	0.130159	0.097179	0.102564	0.070934	0.118971	0.058544	0.082019	0.061514	0.134069	0.068471	0.048896	0.080442	0.080442	0.078616	0.079114	0.055732	0.095611	0.150316	0.090753	0.075949	0.069182	0.061093	0.054859	0.085174	0.135783	0.240803	0.097484	0.079872	0.081761	0.074367	0.058176	0.072785	0.053459	0.164537	0.176190	0.177778	0.179245	0.173502	0.185304	0.141026	0.122257	0.179936	0.177885	0.176190	0.177316	0.178914	0.180380	0.181962	0.175633	0.176190	0.182540	0.175159	0.181962	0.145110	0.177215	0.171010	0.179153	0.171429	0.179936	0.115873	0.078370	0.057143	0.123028	0.059937
Fagous      	0.129688	0.115265	0.096215	0.125776	0.082298	0.112500	0.087500	0.085938	0.109034	0.117925	0.116242	0.117188	0.097179	0.097826	0.080952	0.093060	0.105919	0.228896	0.235197	0.228571	0.234323	0.232899	0.236246	0.110937	0.090625	0.115265	0.111285	0.127760	0.096273	0.111285	0.000000	0.109034	0.104037	0.118297	0.128882	0.109121	0.129338	0.098746	0.119874	0.122150	0.134021	0.110410	0.122671	0.100000	0.111301	0.087859	0.100313	0.096875	0.117188	0.084375	0.111987	0.115625	0.106250	0.131250	0.121495	0.119122	0.119874	0.119565	0.095912	0.120339	0.120690	0.110937	0.130573	0.105590	0.092188	0.107595	0.241722	0.095016	0.102848	0.123053	0.105016	0.116822	0.094044	0.113707	0.175633	0.197161	0.205975	0.197819	0.196875	0.205696	0.149206	0.128882	0.170347	0.165079	0.160377	0.159810	0.159810	0.163009	0.163009	0.158307	0.158805	0.166667	0.160883	0.164577	0.095312	0.159875	0.158065	0.167742	0.133648	0.162461	0.104101	0.111801	0.111635	0.093750	0.100000
Fard4       	0.142633	0.075000	0.064873	0.129283	0.090343	0.097179	0.103448	0.120690	0.131250	0.077287	0.084665	0.072100	0.119122	0.088785	0.127389	0.120253	0.065625	0.219870	0.231023	0.226115	0.230132	0.223856	0.232143	0.067398	0.054859	0.062500	0.127358	0.055380	0.059190	0.073899	0.109034	0.000000	0.079439	0.041139	0.054517	0.088235	0.071203	0.095912	0.066456	0.073529	0.062069	0.125000	0.099688	0.090476	0.068729	0.112179	0.058176	0.067187	0.073668	0.122257	0.075949	0.072100	0.065831	0.070533	0.067187	0.070755	0.058544	0.051402	0.137224	0.086735	0.064465	0.064263	0.067093	0.068536	0.083072	0.131329	0.234219	0.095312	0.080952	0.076563	0.080189	0.070312	0.070755	0.057813	0.160317	0.164557	0.171924	0.173437	0.172414	0.184127	0.140127	0.123053	0.172468	0.173567	0.168770	0.166667	0.169841	0.172956	0.172956	0.168239	0.168770	0.173502	0.166139	0.169811	0.126959	0.171384	0.163430	0.173139	0.162461	0.172468	0.116719	0.084112	0.080442	0.111285	0.059561
Faslee      	0.145313	0.070093	0.058360	0.121118	0.074534	0.098437	0.128125	0.125000	0.113707	0.069182	0.098726	0.068750	0.108150	0.121118	0.120635	0.113565	0.059190	0.225649	0.236842	0.228571	0.239274	0.234528	0.245955	0.068750	0.056250	0.079439	0.111285	0.088328	0.066770	0.065831	0.104037	0.079439	0.000000	0.085174	0.068323	0.099349	0.078864	0.094044	0.070978	0.070033	0.067010	0.110410	0.068323	0.085714	0.078767	0.118211	0.037618	0.073438	0.050000	0.126562	0.064669	0.057813	0.079687	0.079687	0.070093	0.062696	0.063091	0.083851	0.141509	0.088136	0.056426	0.043750	0.062102	0.066770	0.084375	0.128165	0.243377	0.080997	0.055380	0.093458	0.084639	0.068536	0.037618	0.052960	0.169304	0.176656	0.182390	0.183801	0.182812	0.191456	0.125397	0.127329	0.176656	0.174603	0.176101	0.172468	0.177215	0.178683	0.180251	0.173981	0.174528	0.180818	0.171924	0.178683	0.134375	0.175549	0.166129	0.179032	0.149371	0.178233	0.099369	0.091615	0.061321	0.110937	0.042188
Gajar       	0.141270	0.077287	0.079618	0.123028	0.093060	0.101587	0.114286	0.112698	0.136076	0.073248	0.093851	0.071429	0.114650	0.105678	0.133441	0.123003	0.077532	0.226073	0.230769	0.229032	0.231544	0.228477	0.230263	0.074603	0.071429	0.075710	0.136943	0.060510	0.059937	0.084127	0.118297	0.041139	0.085174	0.000000	0.055205	0.087748	0.065495	0.105096	0.064103	0.072131	0.071678	0.126198	0.100946	0.103226	0.057491	0.119741	0.074841	0.069841	0.069841	0.126984	0.070288	0.075949	0.073016	0.063492	0.072785	0.068471	0.054487	0.052050	0.134185	0.087329	0.073016	0.066246	0.069579	0.069401	0.090476	0.137821	0.237458	0.091772	0.071885	0.090190	0.082803	0.064873	0.078025	0.061709	0.157556	0.168790	0.176752	0.171924	0.174051	0.176282	0.141479	0.121451	0.176282	0.177419	0.174121	0.173633	0.173633	0.178344	0.178344	0.173567	0.174121	0.178914	0.173077	0.176752	0.138095	0.175159	0.168301	0.177049	0.161342	0.176282	0.110577	0.075710	0.079365	0.111111	0.076190
Halawy      	0.160938	0.076324	0.085174	0.136646	0.086957	0.107813	0.128125	0.134375	0.144860	0.059748	0.101911	0.065625	0.133229	0.111801	0.144444	0.138801	0.054517	0.238636	0.246711	0.242857	0.244224	0.242671	0.245955	0.084375	0.075000	0.051402	0.141066	0.059937	0.066770	0.059561	0.128882	0.054517	0.068323	0.055205	0.000000	0.099349	0.042587	0.103448	0.039432	0.076547	0.077320	0.138801	0.096273	0.103175	0.061644	0.127796	0.056426	0.079687	0.062500	0.145313	0.058360	0.057813	0.082812	0.040625	0.063863	0.062696	0.039432	0.065217	0.150943	0.081356	0.047022	0.062500	0.046178	0.060559	0.089063	0.150316	0.245033	0.105919	0.071203	0.080997	0.081505	0.059190	0.068966	0.046729	0.169304	0.173502	0.177673	0.183801	0.185938	0.191456	0.150794	0.130435	0.186120	0.190476	0.185535	0.188291	0.189873	0.191223	0.192790	0.186520	0.187107	0.193396	0.186120	0.192790	0.153125	0.188088	0.183871	0.190323	0.179245	0.190852	0.127760	0.082298	0.069182	0.129688	0.057813
Hamria      	0.137255	0.080065	0.074503	0.100977	0.109121	0.111111	0.107843	0.108197	0.114379	0.110561	0.046358	0.099673	0.126230	0.083062	0.134106	0.120462	0.083333	0.241554	0.249147	0.243377	0.239655	0.239865	0.244932	0.088525	0.088235	0.106209	0.133224	0.094371	0.087948	0.083882	0.109121	0.088235	0.099349	0.087748	0.099349	0.000000	0.099010	0.093137	0.089404	0.079932	0.107914	0.123762	0.100977	0.101329	0.087500	0.116667	0.091803	0.086885	0.109836	0.124590	0.110561	0.095082	0.088525	0.100000	0.099673	0.093750	0.100660	0.083062	0.118421	0.108156	0.095082	0.095082	0.102990	0.096091	0.109836	0.142857	0.254355	0.104575	0.094684	0.045752	0.078431	0.104575	0.095082	0.084967	0.165563	0.170530	0.179868	0.169935	0.180328	0.182119	0.151163	0.084691	0.179868	0.175497	0.176568	0.175497	0.175497	0.179276	0.179276	0.174342	0.174917	0.179868	0.173841	0.177632	0.142623	0.179276	0.172819	0.180135	0.165017	0.179276	0.113861	0.076547	0.077558	0.106557	0.093443
Hawawiri    	0.149206	0.079114	0.079618	0.121451	0.085174	0.101587	0.119048	0.130159	0.131329	0.054313	0.108414	0.041270	0.122611	0.121451	0.136656	0.134185	0.071203	0.227723	0.238333	0.225806	0.234899	0.233444	0.236842	0.082540	0.074603	0.050633	0.136943	0.059105	0.063091	0.078025	0.129338	0.071203	0.078864	0.065495	0.042587	0.099010	0.000000	0.097134	0.023962	0.072368	0.079861	0.130990	0.107256	0.096463	0.074653	0.122977	0.070064	0.079365	0.072785	0.139683	0.054313	0.060127	0.072785	0.001582	0.031646	0.041401	0.057508	0.072555	0.145367	0.054795	0.052548	0.061905	0.053398	0.074132	0.080952	0.135048	0.236577	0.091772	0.060510	0.088608	0.085987	0.061709	0.084395	0.071203	0.154341	0.158654	0.162939	0.169304	0.171429	0.176849	0.127010	0.127760	0.174679	0.181672	0.178344	0.179487	0.181090	0.184127	0.183121	0.179365	0.179936	0.184713	0.178914	0.181529	0.147619	0.178344	0.174837	0.175410	0.164537	0.177885	0.120192	0.067823	0.068471	0.119048	0.071429
Hayany      	0.166667	0.092767	0.078025	0.112853	0.092476	0.100629	0.104101	0.127760	0.130503	0.098413	0.105769	0.091483	0.130915	0.119122	0.129393	0.122611	0.081761	0.244262	0.253311	0.240385	0.253333	0.252459	0.259804	0.094340	0.089905	0.094340	0.132911	0.100000	0.073668	0.082278	0.098746	0.095912	0.094044	0.105096	0.103448	0.093137	0.097134	0.000000	0.095541	0.087171	0.114583	0.131746	0.100313	0.086262	0.088235	0.094855	0.083861	0.088328	0.088328	0.137224	0.092357	0.078616	0.094340	0.097792	0.095912	0.088608	0.082803	0.106583	0.118671	0.097603	0.099369	0.083596	0.094551	0.067398	0.094637	0.130990	0.249164	0.087774	0.091054	0.094340	0.058176	0.086478	0.094937	0.087774	0.165605	0.181529	0.185714	0.182390	0.184543	0.186901	0.145833	0.134796	0.198413	0.193291	0.195238	0.194268	0.194268	0.197785	0.197785	0.193038	0.193651	0.198413	0.192675	0.196203	0.148265	0.194620	0.189935	0.199675	0.180952	0.196825	0.114650	0.076803	0.079365	0.081761	0.085174
Helwa       	0.134921	0.075949	0.067308	0.115142	0.083596	0.098413	0.112698	0.125397	0.120253	0.057325	0.096463	0.047619	0.111465	0.115142	0.133871	0.125000	0.071203	0.222772	0.232558	0.224194	0.231667	0.227723	0.232787	0.068254	0.063492	0.045886	0.127389	0.049679	0.059937	0.078025	0.119874	0.066456	0.070978	0.064103	0.039432	0.089404	0.023962	0.095541	0.000000	0.059406	0.081882	0.121795	0.096215	0.088710	0.064460	0.123377	0.068471	0.073016	0.074367	0.133333	0.057508	0.049206	0.069620	0.022152	0.030063	0.035032	0.062500	0.064669	0.142173	0.049488	0.036624	0.053968	0.058252	0.069401	0.084127	0.129808	0.234007	0.090190	0.059295	0.077532	0.082803	0.064873	0.066879	0.061709	0.149518	0.152244	0.159744	0.162975	0.165079	0.170418	0.127419	0.113565	0.171474	0.175806	0.172524	0.173633	0.175241	0.178344	0.179936	0.173567	0.174121	0.178914	0.173077	0.178344	0.141270	0.175159	0.170492	0.173770	0.161342	0.174679	0.108626	0.066246	0.060510	0.126984	0.068254
Hilali      	0.137705	0.047231	0.060855	0.117264	0.084691	0.102941	0.118033	0.122951	0.127451	0.065789	0.080000	0.068852	0.118421	0.105863	0.126246	0.104918	0.066993	0.216724	0.224913	0.220000	0.228374	0.222603	0.234694	0.045902	0.060656	0.063518	0.125000	0.080328	0.053746	0.070724	0.122150	0.073529	0.070033	0.072131	0.076547	0.079932	0.072368	0.087171	0.059406	0.000000	0.080645	0.122112	0.096091	0.086379	0.050360	0.118729	0.060855	0.076797	0.072131	0.127869	0.064145	0.042484	0.037705	0.073770	0.061889	0.049342	0.064145	0.076547	0.145215	0.073944	0.073770	0.047386	0.061462	0.070033	0.086885	0.116776	0.230104	0.088235	0.064356	0.080065	0.072368	0.053922	0.073770	0.060458	0.154485	0.166118	0.174342	0.167752	0.171569	0.172185	0.132890	0.123779	0.168317	0.170000	0.171053	0.167774	0.169435	0.174342	0.175987	0.169408	0.169967	0.174917	0.168874	0.174342	0.147541	0.171053	0.165541	0.168919	0.166667	0.171617	0.100993	0.068404	0.045752	0.120915	0.062092
Hiri        	0.160900	0.079310	0.080420	0.127148	0.097938	0.098616	0.131488	0.151724	0.127586	0.079861	0.107018	0.083045	0.136678	0.127148	0.154386	0.130662	0.082759	0.233813	0.238182	0.240351	0.241818	0.237410	0.248214	0.074138	0.076125	0.091379	0.133218	0.087413	0.079038	0.092014	0.134021	0.062069	0.067010	0.071678	0.077320	0.107914	0.079861	0.114583	0.081882	0.080645	0.000000	0.134146	0.106529	0.107394	0.075188	0.131579	0.074653	0.069204	0.076125	0.146552	0.078397	0.086505	0.091696	0.081315	0.070690	0.060764	0.057491	0.073883	0.160279	0.082397	0.071181	0.065744	0.073944	0.092784	0.081034	0.152632	0.256410	0.087931	0.078947	0.096220	0.104167	0.077586	0.079861	0.062069	0.177700	0.188811	0.191638	0.196552	0.192042	0.202797	0.151408	0.139175	0.188811	0.196864	0.197917	0.193380	0.196864	0.200000	0.197232	0.195502	0.195502	0.200000	0.193380	0.194444	0.158621	0.194444	0.189716	0.197509	0.181185	0.198606	0.128472	0.106529	0.090592	0.133218	0.074394
