  105
Abel        	0.000000	0.134921	0.138710	0.107595	0.129747	0.102236	0.140823	0.123810	0.096519	0.134185	0.137540	0.152866	0.078025	0.115506	0.084936	0.103279	0.130990	0.245875	0.247508	0.235390	0.250836	0.243464	0.243421	0.142628	0.124204	0.140127	0.071656	0.147249	0.130159	0.138264	0.109524	0.140575	0.126582	0.146774	0.156646	0.140065	0.159236	0.157143	0.155449	0.118333	0.158249	0.087580	0.134921	0.127010	0.144295	0.109677	0.128571	0.123003	0.136508	0.084127	0.136943	0.135350	0.134185	0.157643	0.148089	0.135783	0.135484	0.161905	0.104762	0.132302	0.138978	0.138535	0.146965	0.138095	0.135783	0.090323	0.244966	0.114650	0.136218	0.141026	0.138095	0.143087	0.121019	0.143312	0.197068	0.211475	0.221498	0.229773	0.194805	0.218954	0.169872	0.067524	0.126603	0.135350	0.123794	0.115756	0.121795	0.124601	0.122611	0.123003	0.121019	0.111821	0.121795	0.113782	0.113419	0.116613	0.116393	0.115635	0.116987	0.116987	0.073482	0.128981	0.129032	0.156051	0.126984
Abouman     	0.134921	0.000000	0.085209	0.125000	0.093060	0.106688	0.127760	0.134921	0.121451	0.076433	0.114887	0.096825	0.128981	0.142405	0.136218	0.113487	0.067093	0.266447	0.268212	0.255663	0.270000	0.263844	0.267213	0.083067	0.090476	0.079365	0.128571	0.091935	0.071203	0.070513	0.121835	0.087859	0.069401	0.084936	0.069401	0.105863	0.069841	0.107595	0.070288	0.057947	0.062081	0.152866	0.101266	0.097756	0.053512	0.120579	0.093354	0.097444	0.052215	0.143312	0.076190	0.055556	0.049363	0.069841	0.066667	0.073248	0.067524	0.083861	0.149206	0.089347	0.052548	0.049206	0.058917	0.064873	0.108280	0.133871	0.270000	0.073016	0.097444	0.075563	0.098101	0.089744	0.084127	0.061905	0.194805	0.192182	0.199029	0.217042	0.179032	0.207792	0.151757	0.117363	0.214058	0.217460	0.217949	0.209936	0.215655	0.218153	0.217460	0.214058	0.211783	0.207006	0.215655	0.208333	0.179936	0.207006	0.209150	0.210098	0.189103	0.204180	0.121019	0.095238	0.077170	0.125397	0.091772
Ajwa        	0.138710	0.085209	0.000000	0.123794	0.081731	0.088997	0.123397	0.129032	0.107372	0.081994	0.090461	0.088710	0.116505	0.138264	0.128664	0.115000	0.067961	0.273333	0.271812	0.260656	0.277027	0.270627	0.272425	0.068182	0.072581	0.075563	0.127419	0.081433	0.073955	0.074675	0.118971	0.086039	0.081731	0.091205	0.094551	0.086093	0.087097	0.093248	0.084416	0.057047	0.093537	0.122581	0.106109	0.079545	0.081356	0.117264	0.078778	0.081169	0.080386	0.134304	0.086817	0.087097	0.080906	0.083871	0.085484	0.079288	0.084691	0.088424	0.138264	0.076389	0.083871	0.081994	0.090323	0.080386	0.092233	0.132787	0.278716	0.093548	0.074434	0.083333	0.091640	0.079288	0.082258	0.080645	0.212871	0.202658	0.212871	0.226230	0.194079	0.213576	0.163961	0.119281	0.199675	0.201613	0.206840	0.197068	0.202922	0.205502	0.204839	0.202922	0.200647	0.194175	0.202922	0.195440	0.171521	0.194175	0.195000	0.198675	0.182410	0.194444	0.117742	0.079032	0.064935	0.108065	0.078778
Alig        	0.107595	0.125000	0.123794	0.000000	0.135647	0.097134	0.145110	0.120253	0.100946	0.127389	0.116129	0.146032	0.100318	0.121451	0.121795	0.118033	0.111821	0.266447	0.268212	0.250809	0.268333	0.255700	0.260656	0.130990	0.130159	0.123810	0.092063	0.120968	0.120253	0.120192	0.131329	0.121406	0.124606	0.130225	0.124606	0.108766	0.136508	0.125000	0.129393	0.109635	0.135906	0.098726	0.101266	0.110577	0.128763	0.135048	0.126582	0.119427	0.129747	0.122222	0.125397	0.115873	0.121019	0.133333	0.130159	0.124204	0.106109	0.132911	0.123810	0.128425	0.119427	0.133333	0.125796	0.121835	0.121019	0.114516	0.252508	0.106349	0.134185	0.107372	0.115506	0.125000	0.126984	0.128571	0.209416	0.218954	0.227273	0.233871	0.205502	0.224756	0.162939	0.099678	0.153355	0.155556	0.169872	0.163462	0.169329	0.171975	0.171429	0.164013	0.161905	0.157643	0.162939	0.158654	0.144904	0.160828	0.157377	0.161238	0.129393	0.161859	0.098726	0.111111	0.122186	0.139683	0.125000
Amir_haj    	0.129747	0.093060	0.081731	0.135647	0.000000	0.090476	0.097484	0.117089	0.094340	0.074603	0.112903	0.113924	0.107937	0.130915	0.119808	0.114754	0.065287	0.280328	0.285479	0.269355	0.289037	0.280844	0.284314	0.101911	0.075949	0.096519	0.125000	0.102894	0.083596	0.071885	0.091483	0.084395	0.073899	0.110577	0.099057	0.110390	0.112342	0.102524	0.105096	0.074503	0.112040	0.141270	0.108833	0.086262	0.088333	0.104167	0.082019	0.093949	0.078864	0.153968	0.074367	0.080696	0.090476	0.113924	0.096519	0.095238	0.086538	0.088328	0.128165	0.109589	0.092063	0.088608	0.085714	0.074132	0.104762	0.138710	0.283333	0.087025	0.089172	0.091346	0.086751	0.065495	0.074367	0.091772	0.203883	0.208469	0.220065	0.229904	0.196774	0.219156	0.164013	0.116987	0.216561	0.219937	0.220447	0.212460	0.218153	0.222222	0.221519	0.216561	0.214286	0.209524	0.216561	0.210863	0.158730	0.214286	0.209150	0.212662	0.188498	0.206731	0.123810	0.090190	0.070513	0.098101	0.080442
Aseel       	0.102236	0.106688	0.088997	0.097134	0.090476	0.000000	0.122222	0.121406	0.106349	0.099359	0.109121	0.115016	0.100962	0.125796	0.112903	0.112211	0.085209	0.268212	0.270000	0.260586	0.274247	0.267213	0.268977	0.109325	0.108626	0.095847	0.119808	0.102273	0.100318	0.093548	0.114650	0.096463	0.095238	0.108414	0.112698	0.096721	0.123003	0.108280	0.107717	0.081395	0.104730	0.107372	0.105096	0.090323	0.097315	0.108414	0.111465	0.086817	0.108280	0.133013	0.103503	0.102236	0.105769	0.119808	0.114650	0.097756	0.098387	0.101911	0.124601	0.100000	0.092949	0.094249	0.112179	0.101911	0.100962	0.123779	0.260067	0.089457	0.106109	0.101942	0.100318	0.090323	0.101911	0.108626	0.200980	0.213115	0.224756	0.239482	0.206169	0.230392	0.162379	0.098706	0.181672	0.185304	0.188710	0.180645	0.186495	0.190705	0.188498	0.183280	0.181090	0.174679	0.181672	0.175806	0.143770	0.177885	0.174917	0.177049	0.162903	0.173139	0.104167	0.086262	0.090615	0.135350	0.111111
P1_rOPbAL1  	0.140823	0.127760	0.123397	0.145110	0.097484	0.122222	0.000000	0.139241	0.135220	0.109524	0.145161	0.139241	0.141270	0.127760	0.126198	0.144262	0.119427	0.291803	0.293729	0.280645	0.297342	0.285714	0.290850	0.138535	0.107595	0.125000	0.137658	0.143087	0.119874	0.132588	0.113565	0.125796	0.117925	0.129808	0.121069	0.126623	0.132911	0.102524	0.132166	0.117550	0.135452	0.155556	0.105678	0.123003	0.120000	0.129808	0.110410	0.135350	0.116719	0.146032	0.112342	0.121835	0.126984	0.131329	0.128165	0.123810	0.125000	0.126183	0.123418	0.138699	0.120635	0.126582	0.119048	0.115142	0.149206	0.143548	0.288333	0.109177	0.124204	0.125000	0.093060	0.113419	0.125000	0.123418	0.211974	0.210098	0.226537	0.231511	0.204839	0.225649	0.173567	0.129808	0.207006	0.215190	0.214058	0.204473	0.210191	0.211111	0.208861	0.205414	0.203175	0.195238	0.203822	0.198083	0.166667	0.201587	0.199346	0.204545	0.190096	0.198718	0.144444	0.128165	0.113782	0.101266	0.108833
CAP50bhOA1  	0.123810	0.134921	0.129032	0.120253	0.117089	0.121406	0.139241	0.000000	0.104430	0.132588	0.114887	0.133333	0.097444	0.115506	0.106109	0.108553	0.121795	0.259076	0.262458	0.246753	0.264214	0.256536	0.254934	0.134615	0.117460	0.132166	0.109873	0.140323	0.114286	0.131833	0.106349	0.140575	0.118671	0.137097	0.147152	0.114007	0.146497	0.141270	0.144231	0.125000	0.159933	0.129393	0.139683	0.112540	0.134228	0.104839	0.113924	0.103834	0.123810	0.103175	0.135350	0.132166	0.135783	0.149682	0.141720	0.119808	0.129032	0.149206	0.121019	0.134021	0.134185	0.133758	0.135783	0.125397	0.134185	0.095469	0.255034	0.100318	0.131410	0.117363	0.131746	0.131410	0.111465	0.136943	0.203583	0.208197	0.216612	0.216828	0.202922	0.214052	0.169872	0.101613	0.157051	0.159236	0.157556	0.151125	0.157051	0.158147	0.159236	0.154952	0.152866	0.161342	0.157051	0.155949	0.116613	0.148562	0.148026	0.155229	0.139423	0.149518	0.129393	0.125796	0.124194	0.143312	0.112698
Aziza       	0.096519	0.121451	0.107372	0.100946	0.094340	0.106349	0.135220	0.104430	0.000000	0.123810	0.111290	0.136076	0.084127	0.137224	0.094249	0.109836	0.122611	0.259016	0.259076	0.246774	0.264120	0.256494	0.258170	0.127389	0.094937	0.136076	0.096519	0.141479	0.110410	0.130990	0.099369	0.128981	0.086478	0.145833	0.146226	0.126623	0.145570	0.137224	0.151274	0.114238	0.137124	0.098413	0.102524	0.108626	0.131667	0.102564	0.100946	0.100318	0.113565	0.107937	0.128165	0.128165	0.138095	0.147152	0.136076	0.123810	0.133013	0.132492	0.126582	0.135274	0.120635	0.118671	0.126984	0.111987	0.136508	0.116129	0.265000	0.093354	0.111465	0.108974	0.121451	0.135783	0.102848	0.123418	0.211974	0.223127	0.234628	0.242765	0.208065	0.232143	0.168790	0.112179	0.157643	0.159810	0.167732	0.161342	0.167197	0.166667	0.170886	0.165605	0.163492	0.158730	0.164013	0.161342	0.130159	0.163492	0.156863	0.163961	0.140575	0.161859	0.093651	0.128165	0.112179	0.128165	0.100946
zr9q_az3aq  	0.134185	0.076433	0.081994	0.127389	0.074603	0.099359	0.109524	0.132588	0.123810	0.000000	0.097403	0.075080	0.123397	0.108280	0.132258	0.135762	0.065705	0.263245	0.266667	0.255700	0.271812	0.263934	0.270627	0.072347	0.087859	0.076190	0.121406	0.077670	0.058917	0.070513	0.124204	0.069132	0.085714	0.077170	0.066667	0.089869	0.062300	0.098726	0.065916	0.053156	0.092905	0.137380	0.113057	0.103226	0.060403	0.122581	0.087580	0.102894	0.063694	0.147436	0.004777	0.051118	0.059295	0.060703	0.043131	0.052885	0.064516	0.079618	0.146497	0.089655	0.079872	0.062102	0.049521	0.076433	0.107372	0.133550	0.267559	0.092652	0.088424	0.076052	0.074841	0.062903	0.084665	0.063898	0.207516	0.197368	0.209150	0.224026	0.192182	0.218033	0.170418	0.116129	0.200965	0.206070	0.204839	0.198387	0.204180	0.206731	0.206070	0.202572	0.200321	0.195513	0.204180	0.196774	0.181090	0.198718	0.198020	0.196721	0.195161	0.190939	0.121406	0.055732	0.053055	0.134185	0.087580
Barmel      	0.137540	0.114887	0.090461	0.116129	0.112903	0.109121	0.145161	0.114887	0.111290	0.097403	0.000000	0.097403	0.107492	0.096774	0.136066	0.116667	0.073290	0.266779	0.271959	0.266556	0.272109	0.260797	0.267559	0.105863	0.097403	0.106796	0.121359	0.099010	0.088997	0.071895	0.139159	0.101307	0.106452	0.116393	0.112903	0.058824	0.121753	0.140777	0.120521	0.084746	0.123711	0.130293	0.119741	0.114754	0.107509	0.123355	0.100324	0.086319	0.111650	0.146104	0.099026	0.107143	0.115260	0.119741	0.110390	0.099349	0.101639	0.113269	0.136364	0.111498	0.109121	0.121753	0.107143	0.111650	0.115635	0.151815	0.278912	0.108766	0.107843	0.065359	0.114887	0.114379	0.102273	0.100649	0.211921	0.212375	0.224252	0.234323	0.200331	0.222591	0.175896	0.091803	0.194444	0.199675	0.201639	0.193443	0.199346	0.201954	0.201299	0.198697	0.196429	0.190554	0.197712	0.191803	0.161238	0.193811	0.191275	0.195000	0.168301	0.191803	0.128664	0.093851	0.101639	0.139610	0.100324
Began       	0.152866	0.096825	0.088710	0.146032	0.113924	0.115016	0.139241	0.133333	0.136076	0.075080	0.097403	0.000000	0.134185	0.131746	0.144695	0.135314	0.088141	0.267327	0.272425	0.259740	0.277592	0.272876	0.273026	0.091346	0.101587	0.090764	0.143312	0.091935	0.087302	0.091640	0.149206	0.084665	0.109177	0.095161	0.099684	0.094771	0.078025	0.119048	0.084936	0.073333	0.122896	0.154952	0.131746	0.114148	0.092282	0.138264	0.104430	0.107372	0.092063	0.154459	0.073248	0.081210	0.076677	0.074841	0.071656	0.070288	0.091935	0.095238	0.157643	0.074138	0.099042	0.089172	0.091054	0.103175	0.105431	0.159091	0.273490	0.106688	0.092949	0.085484	0.098413	0.089744	0.098726	0.092357	0.205212	0.201639	0.211726	0.224919	0.193182	0.215686	0.166667	0.114516	0.214744	0.216561	0.221865	0.212219	0.217949	0.220447	0.219745	0.216346	0.214058	0.209265	0.217949	0.210611	0.190096	0.209265	0.208882	0.212418	0.204180	0.208065	0.126198	0.070064	0.080645	0.138535	0.104762
yser_hkloo  	0.078025	0.128981	0.116505	0.100318	0.107937	0.100962	0.141270	0.097444	0.084127	0.123397	0.107492	0.134185	0.000000	0.127389	0.083601	0.087459	0.112179	0.238411	0.241667	0.229642	0.244966	0.237705	0.239274	0.135048	0.097444	0.126198	0.075080	0.120130	0.114650	0.117742	0.092357	0.124601	0.107937	0.129450	0.144444	0.109836	0.146965	0.132166	0.141479	0.112040	0.138514	0.060703	0.113057	0.096463	0.124161	0.098706	0.109873	0.091346	0.117834	0.099042	0.126198	0.126198	0.129808	0.146965	0.132588	0.118590	0.119741	0.136943	0.103503	0.124567	0.125000	0.124601	0.137821	0.122611	0.110577	0.087379	0.240741	0.086262	0.112540	0.129032	0.128981	0.127419	0.107029	0.134185	0.191176	0.204918	0.210784	0.220065	0.187296	0.211475	0.163987	0.090323	0.138264	0.140575	0.138710	0.130645	0.136656	0.139423	0.140575	0.135048	0.133013	0.128205	0.134615	0.130225	0.097756	0.134615	0.128289	0.132353	0.117742	0.129032	0.091054	0.113419	0.127832	0.126198	0.108280
Biddajaj    	0.115506	0.142405	0.138264	0.121451	0.130915	0.125796	0.127760	0.115506	0.137224	0.108280	0.096774	0.131746	0.127389	0.000000	0.104167	0.134426	0.115016	0.268092	0.264901	0.262136	0.266667	0.258958	0.262295	0.130990	0.123810	0.130159	0.138095	0.138710	0.121835	0.118590	0.118671	0.116613	0.141956	0.131833	0.135647	0.103896	0.147619	0.142405	0.138978	0.107973	0.147651	0.152866	0.143987	0.137821	0.122074	0.133441	0.128165	0.117834	0.140823	0.107937	0.107937	0.123810	0.128981	0.144444	0.133333	0.124204	0.120579	0.137658	0.134921	0.131849	0.143312	0.141270	0.132166	0.120253	0.141720	0.124194	0.259197	0.133333	0.142173	0.118590	0.123418	0.125000	0.136508	0.128571	0.211039	0.222222	0.232143	0.238710	0.208738	0.229642	0.185304	0.115756	0.182109	0.185714	0.179487	0.173077	0.178914	0.176752	0.179365	0.176752	0.174603	0.175159	0.178914	0.176282	0.160828	0.173567	0.175410	0.177524	0.151757	0.171474	0.121019	0.123810	0.123794	0.163492	0.126582
uds_Raraqs  	0.084936	0.136218	0.128664	0.121795	0.119808	0.112903	0.126198	0.106109	0.094249	0.132258	0.136066	0.144695	0.083601	0.104167	0.000000	0.086093	0.127419	0.241667	0.241611	0.229508	0.244932	0.237624	0.240864	0.127832	0.117363	0.130225	0.098071	0.140523	0.127796	0.135922	0.083333	0.133871	0.118211	0.141694	0.145367	0.136964	0.149518	0.133013	0.142395	0.122483	0.140678	0.098071	0.137821	0.110390	0.125424	0.103896	0.121795	0.118123	0.125000	0.085209	0.135048	0.133441	0.133871	0.146302	0.141479	0.125806	0.130293	0.150641	0.092949	0.118467	0.130645	0.130225	0.132258	0.121795	0.135048	0.091205	0.238176	0.101286	0.124595	0.139610	0.125000	0.139610	0.126603	0.131833	0.200658	0.213576	0.222039	0.227124	0.198361	0.217822	0.169903	0.115260	0.135922	0.141479	0.126623	0.120130	0.126214	0.127419	0.128617	0.124595	0.122581	0.124194	0.126214	0.126214	0.100000	0.120968	0.120861	0.125000	0.118506	0.120130	0.101613	0.127010	0.136808	0.144695	0.120192
BouslKhine  	0.103279	0.113487	0.115000	0.118033	0.114754	0.112211	0.144262	0.108553	0.109836	0.135762	0.116667	0.135314	0.087459	0.134426	0.086093	0.000000	0.115512	0.235495	0.237113	0.230640	0.239655	0.234797	0.234694	0.136513	0.105611	0.118812	0.103279	0.127090	0.116776	0.126246	0.085526	0.132450	0.108197	0.135452	0.134426	0.117057	0.131579	0.134868	0.127483	0.104452	0.117241	0.118421	0.115132	0.099668	0.121528	0.108333	0.110197	0.103960	0.118421	0.098684	0.136964	0.117162	0.118421	0.133224	0.132013	0.114238	0.116667	0.134868	0.108553	0.117544	0.119205	0.123762	0.135314	0.126645	0.105611	0.107973	0.243945	0.075658	0.109635	0.123762	0.128289	0.127063	0.113487	0.131579	0.200669	0.209459	0.216443	0.225000	0.200000	0.213805	0.170530	0.118333	0.179402	0.181518	0.166667	0.156667	0.162791	0.167219	0.166667	0.163907	0.161716	0.153974	0.162791	0.156146	0.115512	0.158940	0.153061	0.158784	0.137874	0.156146	0.092715	0.117162	0.128333	0.123762	0.106908
Braim       	0.130990	0.067093	0.067961	0.111821	0.065287	0.085209	0.119427	0.121795	0.122611	0.065705	0.073290	0.088141	0.112179	0.115016	0.127419	0.115512	0.000000	0.276490	0.278333	0.268730	0.280201	0.272131	0.275578	0.072347	0.083333	0.059105	0.131410	0.078176	0.059105	0.011290	0.123003	0.059486	0.079618	0.076052	0.058917	0.068852	0.071885	0.097444	0.064516	0.055000	0.084459	0.130990	0.103834	0.084142	0.060606	0.113636	0.076677	0.083871	0.070288	0.149038	0.064103	0.046474	0.067524	0.070513	0.065705	0.070740	0.054839	0.070288	0.134185	0.084192	0.069132	0.076923	0.052716	0.062300	0.080386	0.141694	0.283557	0.076923	0.081994	0.058065	0.068690	0.056452	0.075321	0.054313	0.211475	0.202970	0.218033	0.224756	0.191176	0.217105	0.159677	0.101613	0.209677	0.213141	0.216828	0.208738	0.214516	0.218650	0.216346	0.212903	0.210611	0.205788	0.214516	0.208065	0.167203	0.205788	0.207921	0.209836	0.181230	0.203883	0.112540	0.068690	0.067742	0.125000	0.075080
XsRs_93115  	0.245875	0.266447	0.273333	0.266447	0.280328	0.268212	0.291803	0.259076	0.259016	0.263245	0.266779	0.267327	0.238411	0.268092	0.241667	0.235495	0.276490	0.000000	0.044850	0.066445	0.045151	0.042763	0.074751	0.269868	0.254125	0.270627	0.240924	0.271812	0.264803	0.278333	0.243421	0.277409	0.255738	0.277592	0.286885	0.271959	0.280528	0.291118	0.279801	0.249135	0.279514	0.238411	0.269737	0.270000	0.257840	0.262542	0.256579	0.264120	0.264803	0.230132	0.264026	0.262376	0.259076	0.281250	0.267327	0.256623	0.265886	0.284539	0.267327	0.275801	0.276490	0.252475	0.273927	0.268092	0.280528	0.247475	0.225862	0.252475	0.264901	0.275000	0.284539	0.290000	0.259076	0.275578	0.255892	0.267797	0.272727	0.272575	0.259259	0.274411	0.259934	0.248333	0.245033	0.243421	0.230897	0.220199	0.226821	0.231908	0.231908	0.225166	0.220199	0.217822	0.226821	0.220199	0.241722	0.224422	0.227119	0.219799	0.259136	0.219064	0.238411	0.268977	0.276667	0.285479	0.254934
nsfs_9311w  	0.247508	0.268212	0.271812	0.268212	0.285479	0.270000	0.293729	0.262458	0.259076	0.266667	0.271959	0.272425	0.241667	0.264901	0.241611	0.237113	0.278333	0.044850	0.000000	0.083333	0.006711	0.018272	0.033333	0.271667	0.252492	0.272425	0.244186	0.275338	0.264901	0.282609	0.245033	0.277592	0.255776	0.277778	0.292079	0.273810	0.285714	0.296358	0.284053	0.250871	0.276224	0.245000	0.276490	0.273490	0.260490	0.262626	0.254967	0.265886	0.261589	0.228333	0.267442	0.266556	0.262458	0.288079	0.274086	0.260000	0.263423	0.286424	0.270764	0.272401	0.280000	0.255814	0.274086	0.270627	0.284053	0.252542	0.217770	0.254153	0.270000	0.279264	0.286424	0.286913	0.259136	0.277409	0.274411	0.285714	0.286441	0.295608	0.276271	0.289116	0.275000	0.255034	0.250000	0.250000	0.240803	0.230000	0.236667	0.239203	0.241722	0.235000	0.230000	0.224252	0.236667	0.230000	0.255000	0.234219	0.238908	0.232323	0.264214	0.228956	0.241667	0.274086	0.276846	0.290698	0.254967
nsiY_93J21  	0.235390	0.255663	0.260656	0.250809	0.269355	0.260586	0.280645	0.246753	0.246774	0.255700	0.266556	0.259740	0.229642	0.262136	0.229508	0.230640	0.268730	0.066445	0.083333	0.000000	0.085284	0.100660	0.115512	0.258170	0.250000	0.261364	0.232143	0.262376	0.257282	0.275410	0.233010	0.267974	0.248387	0.268092	0.279032	0.271667	0.271104	0.275081	0.267974	0.236395	0.273973	0.234528	0.262136	0.252459	0.248288	0.254934	0.254045	0.251634	0.252427	0.223127	0.256494	0.256494	0.249186	0.269481	0.256494	0.247557	0.258224	0.268608	0.256494	0.263986	0.267101	0.240260	0.262987	0.254045	0.280130	0.236755	0.214286	0.245130	0.257329	0.259868	0.270227	0.278689	0.256494	0.269481	0.249169	0.266667	0.268212	0.264803	0.254967	0.269868	0.253268	0.241776	0.241830	0.243506	0.232787	0.221311	0.228758	0.233766	0.233766	0.227124	0.221498	0.219870	0.227124	0.221311	0.232899	0.224756	0.229097	0.222591	0.244262	0.220395	0.228013	0.258117	0.268852	0.274351	0.252427
enses_DP6b  	0.250836	0.270000	0.277027	0.268333	0.289037	0.274247	0.297342	0.264214	0.264120	0.271812	0.272109	0.277592	0.244966	0.266667	0.244932	0.239655	0.280201	0.045151	0.006711	0.085284	0.000000	0.024917	0.040134	0.276846	0.257525	0.275920	0.247492	0.278912	0.270000	0.282095	0.248333	0.281145	0.259136	0.281356	0.290698	0.273973	0.289298	0.301667	0.285235	0.256140	0.280919	0.246644	0.280000	0.276094	0.262324	0.267797	0.260000	0.271044	0.265000	0.233221	0.272575	0.269231	0.265886	0.290000	0.279264	0.265101	0.266102	0.290000	0.272575	0.276978	0.281879	0.257525	0.275920	0.273333	0.288591	0.257679	0.225524	0.259197	0.273490	0.278716	0.290000	0.292230	0.264214	0.282609	0.273038	0.287671	0.287415	0.295608	0.277211	0.289116	0.278523	0.255932	0.253356	0.253333	0.242424	0.231544	0.238255	0.243333	0.243333	0.236577	0.231544	0.225753	0.238255	0.231544	0.255853	0.235786	0.240550	0.231293	0.267677	0.230508	0.244966	0.276667	0.282095	0.295987	0.260000
s_JBMPL503  	0.243464	0.263844	0.270627	0.255700	0.280844	0.267213	0.285714	0.256536	0.256494	0.263934	0.260797	0.272876	0.237705	0.258958	0.237624	0.234797	0.272131	0.042763	0.018272	0.100660	0.024917	0.000000	0.033003	0.268852	0.250000	0.266340	0.238562	0.269103	0.262215	0.273927	0.241042	0.274671	0.253247	0.276490	0.282468	0.265886	0.281046	0.293160	0.277049	0.248288	0.275862	0.239344	0.267101	0.268092	0.255172	0.259934	0.252443	0.264803	0.258958	0.226230	0.264706	0.261438	0.258170	0.281759	0.271242	0.257377	0.259934	0.281759	0.261438	0.271127	0.273770	0.253268	0.267974	0.267101	0.280328	0.250000	0.232877	0.251634	0.265574	0.270627	0.281759	0.285479	0.256536	0.274510	0.263333	0.276094	0.275920	0.283113	0.266667	0.279264	0.265574	0.248344	0.246711	0.244300	0.231908	0.222039	0.227869	0.232899	0.232899	0.226230	0.221311	0.215686	0.228618	0.222039	0.245902	0.226230	0.230640	0.222408	0.259868	0.220199	0.237705	0.269608	0.273927	0.287582	0.252443
s_JEMPC_P9  	0.243421	0.267213	0.272425	0.260656	0.284314	0.268977	0.290850	0.254934	0.258170	0.270627	0.267559	0.273026	0.239274	0.262295	0.240864	0.234694	0.275578	0.074751	0.033333	0.115512	0.040134	0.033003	0.000000	0.275578	0.253289	0.269737	0.241776	0.269231	0.262295	0.277409	0.244262	0.276490	0.256536	0.271667	0.279412	0.267677	0.281250	0.296721	0.277228	0.256897	0.279514	0.244224	0.273770	0.269868	0.262153	0.263333	0.255738	0.269868	0.262295	0.227723	0.271382	0.268092	0.261513	0.281967	0.277961	0.264026	0.261667	0.285246	0.261513	0.269504	0.277228	0.259868	0.268092	0.268852	0.276316	0.251678	0.237931	0.256579	0.268977	0.274086	0.285246	0.290698	0.259868	0.281250	0.261745	0.261824	0.261745	0.270000	0.270903	0.265886	0.265677	0.245847	0.250000	0.250000	0.239203	0.229236	0.235099	0.240132	0.240132	0.233444	0.227723	0.222772	0.235099	0.229236	0.254125	0.232673	0.237288	0.228956	0.260797	0.226667	0.239274	0.273026	0.279070	0.291118	0.255738
Chichi      	0.142628	0.083067	0.068182	0.130990	0.101911	0.109325	0.138535	0.134615	0.127389	0.072347	0.105863	0.091346	0.135048	0.130990	0.127832	0.136513	0.072347	0.269868	0.271667	0.258170	0.276846	0.268852	0.275578	0.000000	0.094551	0.073718	0.134615	0.080906	0.070288	0.077670	0.129393	0.080645	0.101911	0.084416	0.084395	0.111475	0.076677	0.101911	0.073955	0.051667	0.106419	0.144231	0.116613	0.106452	0.060811	0.115260	0.097444	0.093248	0.076677	0.141479	0.073718	0.063898	0.052548	0.079872	0.068910	0.073955	0.087379	0.087859	0.144231	0.079038	0.092949	0.076923	0.067524	0.073482	0.098071	0.147059	0.275338	0.105096	0.090323	0.082258	0.098726	0.080645	0.084936	0.055732	0.206840	0.194719	0.208197	0.224756	0.188925	0.217105	0.165595	0.125000	0.204839	0.209936	0.215210	0.208738	0.214516	0.217042	0.216346	0.216129	0.213826	0.205788	0.214516	0.207120	0.194534	0.205788	0.208609	0.207237	0.205502	0.204545	0.118971	0.084936	0.082792	0.130990	0.095847
Dajwani     	0.124204	0.090476	0.072581	0.130159	0.075949	0.108626	0.107595	0.117460	0.094937	0.087859	0.097403	0.101587	0.097444	0.123810	0.117363	0.105611	0.083333	0.254125	0.252492	0.250000	0.257525	0.250000	0.253289	0.094551	0.000000	0.087580	0.109873	0.085484	0.047619	0.081994	0.111111	0.078275	0.052215	0.085484	0.077532	0.096405	0.098726	0.122222	0.094551	0.066667	0.097643	0.124601	0.080952	0.086817	0.068792	0.098387	0.018987	0.062500	0.085714	0.130573	0.089172	0.084395	0.092652	0.103503	0.095541	0.065495	0.072581	0.082540	0.125796	0.100000	0.083067	0.085987	0.086262	0.071429	0.099042	0.115260	0.266779	0.074841	0.056090	0.088710	0.100000	0.088141	0.050955	0.060510	0.195440	0.191803	0.200326	0.218447	0.183442	0.207516	0.161859	0.108065	0.183706	0.186306	0.193910	0.184295	0.190096	0.190096	0.191083	0.188498	0.186306	0.178914	0.190096	0.181672	0.159236	0.183121	0.180328	0.187296	0.173077	0.181672	0.110224	0.100318	0.087097	0.116242	0.019048
Dedhi       	0.140127	0.079365	0.075563	0.123810	0.096519	0.095847	0.125000	0.132166	0.136076	0.076190	0.106796	0.090764	0.126198	0.130159	0.130225	0.118812	0.059105	0.270627	0.272425	0.261364	0.275920	0.266340	0.269737	0.073718	0.087580	0.000000	0.146497	0.074194	0.074603	0.065705	0.126984	0.078526	0.104430	0.064103	0.047468	0.097720	0.049363	0.111111	0.054487	0.056291	0.090909	0.142173	0.125397	0.094855	0.058528	0.114516	0.093651	0.076923	0.090476	0.153355	0.074603	0.060510	0.055911	0.054140	0.058917	0.068690	0.078778	0.080952	0.140127	0.070447	0.050955	0.084127	0.074841	0.085714	0.087859	0.144481	0.280000	0.085987	0.068910	0.085484	0.098413	0.078778	0.095541	0.074841	0.201954	0.200000	0.213355	0.224919	0.189935	0.212418	0.160256	0.117363	0.209936	0.214968	0.217042	0.210611	0.216346	0.220447	0.218153	0.214744	0.212460	0.207668	0.216346	0.209003	0.177316	0.207668	0.207237	0.209150	0.191318	0.203226	0.124601	0.066667	0.092949	0.130573	0.090476
eg16t_noor  	0.071656	0.128571	0.127419	0.092063	0.125000	0.119808	0.137658	0.109873	0.096519	0.121406	0.121359	0.143312	0.075080	0.138095	0.098071	0.103279	0.131410	0.240924	0.244186	0.232143	0.247492	0.238562	0.241776	0.134615	0.109873	0.146497	0.000000	0.135922	0.112698	0.139871	0.104762	0.134615	0.107595	0.146774	0.143987	0.123779	0.148089	0.136508	0.149038	0.115000	0.143098	0.081470	0.111111	0.110932	0.129195	0.090323	0.119048	0.120192	0.122222	0.089457	0.125796	0.128981	0.129393	0.149682	0.136943	0.121406	0.125806	0.146032	0.105096	0.141379	0.134185	0.121019	0.130990	0.128571	0.128981	0.076299	0.249164	0.092357	0.134615	0.125806	0.130159	0.144231	0.117834	0.130573	0.185668	0.196721	0.205212	0.216828	0.178571	0.207516	0.163462	0.083871	0.131410	0.133758	0.144695	0.136656	0.142628	0.145367	0.146497	0.141026	0.138978	0.134185	0.141026	0.136656	0.119808	0.138978	0.138158	0.138889	0.128617	0.135484	0.089457	0.130573	0.132258	0.138535	0.119048
Dibbas      	0.147249	0.091935	0.081433	0.120968	0.102894	0.102273	0.143087	0.140323	0.141479	0.077670	0.099010	0.091935	0.120130	0.138710	0.140523	0.127090	0.078176	0.271812	0.275338	0.262376	0.278912	0.269103	0.269231	0.080906	0.085484	0.074194	0.135922	0.000000	0.067742	0.080065	0.141935	0.066558	0.096463	0.063725	0.070740	0.084718	0.063107	0.112540	0.045603	0.062081	0.095563	0.133117	0.109677	0.099026	0.073129	0.136066	0.088424	0.088997	0.090323	0.158576	0.079032	0.077419	0.072581	0.061489	0.066343	0.068182	0.073529	0.074194	0.135922	0.081882	0.083871	0.087097	0.077922	0.088710	0.095779	0.146382	0.277211	0.102894	0.079545	0.078689	0.098071	0.073052	0.080906	0.080645	0.206271	0.205980	0.210265	0.235197	0.202303	0.225914	0.164495	0.116393	0.209416	0.211974	0.213355	0.204248	0.210098	0.214286	0.211974	0.208469	0.206169	0.201299	0.210098	0.202614	0.173701	0.201299	0.202341	0.205298	0.187908	0.199346	0.128247	0.067961	0.086601	0.132258	0.088710
Ebrahimi    	0.130159	0.071203	0.073955	0.120253	0.083596	0.100318	0.119874	0.114286	0.110410	0.058917	0.088997	0.087302	0.114650	0.121835	0.127796	0.116776	0.059105	0.264803	0.264901	0.257282	0.270000	0.262215	0.262295	0.070288	0.047619	0.074603	0.112698	0.067742	0.000000	0.060897	0.126582	0.071885	0.069401	0.059486	0.064669	0.084691	0.069841	0.109177	0.067093	0.056478	0.085570	0.128981	0.093354	0.094551	0.051839	0.106109	0.056962	0.076677	0.063291	0.135350	0.057143	0.055556	0.063694	0.071429	0.066667	0.047771	0.056270	0.075949	0.138095	0.080756	0.070064	0.060317	0.052548	0.060127	0.090764	0.121359	0.270903	0.082540	0.076677	0.069132	0.080696	0.065705	0.069841	0.038095	0.198052	0.186275	0.196429	0.217742	0.186084	0.208469	0.158147	0.101286	0.193291	0.196825	0.203526	0.195513	0.201278	0.203822	0.203175	0.199681	0.197452	0.192675	0.201278	0.193910	0.170382	0.192675	0.193443	0.195440	0.181090	0.189711	0.100318	0.079365	0.069132	0.133333	0.056962
Ewent_ayob  	0.138264	0.070513	0.074675	0.120192	0.071885	0.093548	0.132588	0.131833	0.130990	0.070513	0.071895	0.091640	0.117742	0.118590	0.135922	0.126246	0.011290	0.278333	0.282609	0.275410	0.282095	0.273927	0.277409	0.077670	0.081994	0.065705	0.139871	0.080065	0.060897	0.000000	0.128205	0.063107	0.086262	0.080906	0.059105	0.069079	0.073955	0.105769	0.070968	0.063758	0.086441	0.141479	0.112179	0.089286	0.060606	0.119741	0.076923	0.085761	0.075321	0.159677	0.067524	0.051282	0.069355	0.073955	0.072347	0.074194	0.059871	0.072115	0.141026	0.079861	0.074194	0.084936	0.053055	0.063898	0.082258	0.153595	0.289562	0.081994	0.085761	0.064935	0.078526	0.058442	0.076923	0.054662	0.214754	0.208882	0.217105	0.225490	0.190164	0.217822	0.169903	0.107143	0.215210	0.218650	0.222403	0.214286	0.220065	0.224194	0.221865	0.218447	0.216129	0.211290	0.220065	0.212662	0.177419	0.211290	0.212625	0.214521	0.193182	0.208469	0.120579	0.070513	0.064935	0.131833	0.075321
Fagous      	0.109524	0.121835	0.118971	0.131329	0.091483	0.114650	0.113565	0.106349	0.099369	0.124204	0.139159	0.149206	0.092357	0.118671	0.083333	0.085526	0.123003	0.243421	0.245033	0.233010	0.248333	0.241042	0.244262	0.129393	0.111111	0.126984	0.104762	0.141935	0.126582	0.128205	0.000000	0.130990	0.104101	0.149518	0.149842	0.133550	0.147619	0.113924	0.143770	0.119601	0.129195	0.125796	0.123418	0.099359	0.127090	0.091640	0.118671	0.118211	0.113924	0.093949	0.130159	0.126984	0.125796	0.147619	0.131746	0.122611	0.130225	0.137658	0.098413	0.128866	0.122611	0.117460	0.138535	0.118671	0.109873	0.103560	0.255853	0.093651	0.119808	0.144695	0.115506	0.131410	0.120635	0.136508	0.188312	0.207516	0.215909	0.224194	0.195793	0.213355	0.158147	0.123794	0.169329	0.171429	0.169872	0.160256	0.166134	0.170382	0.169841	0.164537	0.162420	0.164013	0.169329	0.165064	0.111465	0.162420	0.165574	0.164495	0.142628	0.155949	0.089172	0.123810	0.128617	0.100000	0.115506
Fard4       	0.140575	0.087859	0.086039	0.121406	0.084395	0.096463	0.125796	0.140575	0.128981	0.069132	0.101307	0.084665	0.124601	0.116613	0.133871	0.132450	0.059486	0.277409	0.277592	0.267974	0.281145	0.274671	0.276490	0.080645	0.078275	0.078526	0.134615	0.066558	0.071885	0.063107	0.130990	0.000000	0.095541	0.047078	0.055732	0.090461	0.080128	0.099042	0.070968	0.065436	0.084746	0.134615	0.100318	0.087097	0.060811	0.126623	0.078025	0.085209	0.086262	0.156550	0.070513	0.075321	0.075563	0.080128	0.075321	0.080386	0.066558	0.051118	0.145367	0.090278	0.080386	0.096154	0.070740	0.067093	0.091640	0.144481	0.277027	0.092949	0.088710	0.072816	0.081470	0.062903	0.080128	0.052885	0.196721	0.194719	0.204918	0.229642	0.192810	0.220395	0.153226	0.116505	0.212903	0.216346	0.216828	0.208738	0.214516	0.217042	0.216346	0.212903	0.210611	0.205788	0.214516	0.208065	0.170418	0.207395	0.204620	0.208197	0.186084	0.203883	0.126603	0.078526	0.068182	0.121795	0.078275
Faslee      	0.126582	0.069401	0.081731	0.124606	0.073899	0.095238	0.117925	0.118671	0.086478	0.085714	0.106452	0.109177	0.107937	0.141956	0.118211	0.108197	0.079618	0.255738	0.255776	0.248387	0.259136	0.253247	0.256536	0.101911	0.052215	0.104430	0.107595	0.096463	0.069401	0.086262	0.104101	0.095541	0.000000	0.113782	0.097484	0.105519	0.107595	0.119874	0.103503	0.079470	0.073579	0.128571	0.072555	0.084665	0.088333	0.102564	0.045741	0.079618	0.058360	0.125397	0.087025	0.075949	0.096825	0.110759	0.093354	0.074603	0.083333	0.099369	0.128165	0.102740	0.068254	0.064873	0.076190	0.082019	0.103175	0.125806	0.266667	0.063291	0.079618	0.089744	0.104101	0.099042	0.055380	0.080696	0.199029	0.197068	0.208738	0.217042	0.185484	0.204545	0.149682	0.113782	0.189490	0.191456	0.196486	0.186901	0.192675	0.195238	0.194620	0.191083	0.188889	0.184127	0.192675	0.186901	0.153968	0.184127	0.186275	0.189935	0.169329	0.184295	0.107937	0.107595	0.086538	0.123418	0.045741
Gajar       	0.146774	0.084936	0.091205	0.130225	0.110577	0.108414	0.129808	0.137097	0.145833	0.077170	0.116393	0.095161	0.129450	0.131833	0.141694	0.135452	0.076052	0.277592	0.277778	0.268092	0.281356	0.276490	0.271667	0.084416	0.085484	0.064103	0.146774	0.063725	0.059486	0.080906	0.149518	0.047078	0.113782	0.000000	0.051282	0.099010	0.066129	0.112540	0.060065	0.073333	0.087031	0.145631	0.118971	0.117264	0.057627	0.135621	0.091640	0.090909	0.090032	0.161812	0.075563	0.080645	0.071197	0.066129	0.075806	0.077670	0.074919	0.069132	0.151613	0.088542	0.075806	0.089744	0.070968	0.073955	0.108414	0.150820	0.284512	0.108065	0.084142	0.088235	0.093248	0.071661	0.095161	0.064516	0.201320	0.196370	0.200658	0.228758	0.193443	0.216172	0.167208	0.123779	0.217532	0.220968	0.218241	0.210098	0.215909	0.218447	0.217742	0.214286	0.211974	0.207120	0.215909	0.208469	0.181230	0.207120	0.202658	0.206954	0.192182	0.204248	0.144013	0.080386	0.087662	0.135484	0.091640
Halawy      	0.156646	0.069401	0.094551	0.124606	0.099057	0.112698	0.121069	0.147152	0.146226	0.066667	0.112903	0.099684	0.144444	0.135647	0.145367	0.134426	0.058917	0.286885	0.292079	0.279032	0.290698	0.282468	0.279412	0.084395	0.077532	0.047468	0.143987	0.070740	0.064669	0.059105	0.149842	0.055732	0.097484	0.051282	0.000000	0.095779	0.047468	0.110410	0.039809	0.067881	0.091973	0.150794	0.113565	0.103834	0.050000	0.134615	0.080442	0.098726	0.089905	0.168254	0.064873	0.055380	0.061905	0.047468	0.064873	0.082540	0.057692	0.061514	0.142405	0.082192	0.055556	0.087025	0.046032	0.070978	0.101587	0.162903	0.288333	0.098101	0.085987	0.068910	0.088328	0.068690	0.090190	0.047468	0.208738	0.195440	0.208738	0.221865	0.191935	0.214286	0.173567	0.121795	0.224522	0.229430	0.228435	0.222045	0.227707	0.233333	0.229430	0.226115	0.223810	0.219048	0.227707	0.220447	0.187302	0.219048	0.218954	0.220779	0.204473	0.214744	0.146032	0.079114	0.078526	0.132911	0.080442
Hamria      	0.140065	0.105863	0.086093	0.108766	0.110390	0.096721	0.126623	0.114007	0.126623	0.089869	0.058824	0.094771	0.109836	0.103896	0.136964	0.117057	0.068852	0.271959	0.273810	0.271667	0.273973	0.265886	0.267677	0.111475	0.096405	0.097720	0.123779	0.084718	0.084691	0.069079	0.133550	0.090461	0.105519	0.099010	0.095779	0.000000	0.091503	0.109121	0.096721	0.081633	0.115917	0.129508	0.100977	0.103960	0.092784	0.122517	0.097720	0.090164	0.114007	0.143791	0.098039	0.093137	0.104575	0.092834	0.098039	0.088525	0.090759	0.087948	0.125817	0.094406	0.098361	0.117647	0.101307	0.107492	0.114754	0.142857	0.282534	0.096405	0.098684	0.055738	0.092834	0.100329	0.099673	0.096405	0.210963	0.198653	0.210000	0.226821	0.194352	0.210702	0.173770	0.087171	0.197368	0.199346	0.201320	0.193069	0.199013	0.201639	0.200980	0.198361	0.196078	0.190164	0.197368	0.191419	0.167213	0.190164	0.190878	0.194631	0.175987	0.191419	0.116393	0.063518	0.088525	0.116013	0.097720
Hawawiri    	0.159236	0.069841	0.087097	0.136508	0.112342	0.123003	0.132911	0.146497	0.145570	0.062300	0.121753	0.078025	0.146965	0.147619	0.149518	0.131579	0.071885	0.280528	0.285714	0.271104	0.289298	0.281046	0.281250	0.076677	0.098726	0.049363	0.148089	0.063107	0.069841	0.073955	0.147619	0.080128	0.107595	0.066129	0.047468	0.091503	0.000000	0.109524	0.019231	0.059801	0.096990	0.157643	0.126984	0.106109	0.052013	0.135484	0.104762	0.105769	0.087302	0.161342	0.065287	0.054140	0.052716	0.009554	0.033439	0.055911	0.070740	0.073016	0.151274	0.077320	0.067093	0.081210	0.054313	0.090476	0.100639	0.159091	0.282609	0.093949	0.076923	0.078778	0.096825	0.075321	0.101911	0.069841	0.205212	0.191803	0.201954	0.216828	0.186688	0.210784	0.163462	0.127419	0.217949	0.222930	0.223473	0.218650	0.224359	0.228435	0.226115	0.222756	0.220447	0.215655	0.224359	0.217042	0.190096	0.215655	0.217105	0.217320	0.204180	0.211290	0.135783	0.066879	0.085484	0.132166	0.104762
Hayany      	0.157143	0.107595	0.093248	0.125000	0.102524	0.108280	0.102524	0.141270	0.137224	0.098726	0.140777	0.119048	0.132166	0.142405	0.133013	0.134868	0.097444	0.291118	0.296358	0.275081	0.301667	0.293160	0.296721	0.101911	0.122222	0.111111	0.136508	0.112540	0.109177	0.105769	0.113924	0.099042	0.119874	0.112540	0.110410	0.109121	0.109524	0.000000	0.102236	0.096346	0.117450	0.146497	0.109177	0.086538	0.093645	0.109325	0.125000	0.124601	0.106013	0.152866	0.104762	0.094937	0.100000	0.107937	0.101587	0.106688	0.110932	0.099684	0.117460	0.109966	0.115873	0.109524	0.105096	0.094937	0.121019	0.147249	0.287625	0.098101	0.132588	0.114148	0.056782	0.089744	0.130159	0.096519	0.206169	0.199346	0.207792	0.225806	0.190939	0.218241	0.170927	0.130225	0.223642	0.225397	0.227564	0.217949	0.223642	0.226115	0.226984	0.222045	0.219745	0.214968	0.223642	0.216346	0.179936	0.216561	0.216393	0.219870	0.203526	0.213826	0.121019	0.095238	0.086817	0.083861	0.123418
Helwa       	0.155449	0.070288	0.084416	0.129393	0.105096	0.107717	0.132166	0.144231	0.151274	0.065916	0.120521	0.084936	0.141479	0.138978	0.142395	0.127483	0.064516	0.279801	0.284053	0.267974	0.285235	0.277049	0.277228	0.073955	0.094551	0.054487	0.149038	0.045603	0.067093	0.070968	0.143770	0.070968	0.103503	0.060065	0.039809	0.096721	0.019231	0.102236	0.000000	0.051839	0.088136	0.147910	0.130990	0.100324	0.043771	0.134740	0.100639	0.100000	0.091054	0.163987	0.064103	0.046326	0.049679	0.019108	0.036859	0.051282	0.061489	0.063898	0.145833	0.067241	0.060897	0.070513	0.056270	0.082803	0.099678	0.156863	0.282095	0.097756	0.080386	0.075806	0.087859	0.064725	0.097756	0.065705	0.208469	0.199013	0.203279	0.226384	0.194444	0.218750	0.163987	0.125000	0.220968	0.225962	0.223301	0.218447	0.224194	0.228296	0.225962	0.222581	0.220257	0.215434	0.224194	0.216828	0.184887	0.215434	0.216887	0.217105	0.202265	0.211039	0.138264	0.067308	0.077922	0.133013	0.100639
Hilali      	0.118333	0.057947	0.057047	0.109635	0.074503	0.081395	0.117550	0.125000	0.114238	0.053156	0.084746	0.073333	0.112040	0.107973	0.122483	0.104452	0.055000	0.249135	0.250871	0.236395	0.256140	0.248288	0.256897	0.051667	0.066667	0.056291	0.115000	0.062081	0.056478	0.063758	0.119601	0.065436	0.079470	0.073333	0.067881	0.081633	0.059801	0.096346	0.051839	0.000000	0.087719	0.130000	0.101329	0.081940	0.043860	0.108108	0.073090	0.080000	0.071429	0.127090	0.054636	0.041667	0.038333	0.060000	0.046512	0.046823	0.061873	0.076412	0.140000	0.078014	0.075000	0.058140	0.060000	0.071429	0.083333	0.119529	0.253472	0.078073	0.073579	0.060403	0.089701	0.050167	0.061462	0.061462	0.186441	0.184300	0.194915	0.206081	0.171717	0.197952	0.147651	0.098993	0.190635	0.193333	0.197987	0.188552	0.194631	0.197324	0.196667	0.192953	0.190635	0.185619	0.194631	0.186869	0.175585	0.185619	0.187285	0.189420	0.188552	0.183502	0.098662	0.066445	0.050167	0.126246	0.072848
Hiri        	0.158249	0.062081	0.093537	0.135906	0.112040	0.104730	0.135452	0.159933	0.137124	0.092905	0.123711	0.122896	0.138514	0.147651	0.140678	0.117241	0.084459	0.279514	0.276224	0.273973	0.280919	0.275862	0.279514	0.106419	0.097643	0.090909	0.143098	0.095563	0.085570	0.086441	0.129195	0.084746	0.073579	0.087031	0.091973	0.115917	0.096990	0.117450	0.088136	0.087719	0.000000	0.153199	0.109060	0.113946	0.074468	0.124150	0.098993	0.096610	0.072148	0.153716	0.099327	0.089226	0.092905	0.101010	0.094276	0.084175	0.081633	0.093960	0.148148	0.086957	0.070946	0.075758	0.077703	0.087248	0.104377	0.156997	0.275618	0.082492	0.101695	0.115646	0.105705	0.103041	0.107383	0.083893	0.214777	0.219723	0.228522	0.240614	0.202055	0.227586	0.167797	0.141156	0.223729	0.225589	0.227891	0.217687	0.223729	0.226351	0.225589	0.222034	0.219595	0.214527	0.223729	0.215986	0.179054	0.217905	0.214286	0.217993	0.190476	0.213311	0.126689	0.117845	0.097270	0.138047	0.098993
