  105
Abel        	0.000000	0.137224	0.141509	0.094044	0.128527	0.126582	0.132075	0.117925	0.095611	0.145110	0.130225	0.150943	0.077044	0.119497	0.097134	0.102236	0.143082	0.257282	0.268092	0.245981	0.268333	0.257377	0.250820	0.145570	0.143082	0.157729	0.074367	0.150794	0.138365	0.149842	0.127358	0.137931	0.144201	0.137931	0.161442	0.127832	0.160317	0.152516	0.151899	0.141694	0.155822	0.092767	0.135220	0.126183	0.146758	0.123397	0.141956	0.135220	0.136076	0.086751	0.144444	0.134069	0.128165	0.164038	0.145110	0.161392	0.153481	0.144654	0.099369	0.129195	0.160377	0.146226	0.146497	0.130094	0.140379	0.090190	0.261290	0.119497	0.153481	0.127358	0.133648	0.127760	0.118297	0.155660	0.214968	0.196825	0.194888	0.180952	0.185714	0.190939	0.178797	0.072100	0.144654	0.145367	0.149206	0.148734	0.148734	0.144444	0.150943	0.148265	0.149371	0.146688	0.147619	0.150943	0.124214	0.147799	0.148208	0.144481	0.117089	0.149371	0.098101	0.145110	0.119874	0.132492	0.138801
Abouman     	0.137224	0.000000	0.102201	0.127358	0.092476	0.128165	0.144654	0.141956	0.141066	0.091483	0.108065	0.113208	0.130503	0.134069	0.159236	0.116987	0.072327	0.249191	0.253289	0.239550	0.257525	0.245098	0.246732	0.105678	0.100629	0.102524	0.155063	0.084127	0.089905	0.078864	0.135220	0.089342	0.073668	0.092476	0.084639	0.097403	0.088889	0.106918	0.080952	0.058442	0.068259	0.157233	0.097484	0.093060	0.061433	0.142628	0.102524	0.105346	0.056962	0.155063	0.082540	0.053628	0.058360	0.089905	0.080442	0.094937	0.082278	0.086478	0.159810	0.104377	0.077044	0.059561	0.074841	0.072100	0.114780	0.144444	0.256452	0.086478	0.105678	0.083596	0.094340	0.086751	0.107256	0.091195	0.203822	0.182540	0.182109	0.171429	0.179365	0.179032	0.172468	0.136364	0.201893	0.202875	0.214286	0.212025	0.212025	0.208861	0.209779	0.212025	0.209779	0.212934	0.213376	0.212264	0.168770	0.212934	0.214052	0.220065	0.168790	0.209779	0.132492	0.093060	0.066246	0.124606	0.100946
Ajwa        	0.141509	0.102201	0.000000	0.128527	0.096875	0.096519	0.147335	0.138365	0.115625	0.103774	0.115756	0.109718	0.126959	0.139937	0.134921	0.113782	0.087500	0.266881	0.270492	0.258786	0.275748	0.258958	0.255700	0.052050	0.076803	0.094340	0.137224	0.083861	0.088050	0.089623	0.141066	0.093750	0.073438	0.098437	0.098437	0.113269	0.099684	0.106583	0.098101	0.094156	0.083618	0.137931	0.094044	0.070755	0.088435	0.124601	0.078616	0.086478	0.078864	0.141956	0.098101	0.100629	0.093060	0.102201	0.097484	0.107256	0.100946	0.090909	0.138801	0.095318	0.097179	0.094044	0.090190	0.084375	0.099057	0.139241	0.267628	0.098746	0.075472	0.100629	0.100313	0.089623	0.083333	0.083072	0.223810	0.191456	0.192675	0.183544	0.189873	0.188710	0.179811	0.148438	0.183962	0.184713	0.207278	0.205047	0.208202	0.202532	0.205975	0.206625	0.204403	0.202830	0.203175	0.202194	0.160377	0.205975	0.193811	0.210356	0.161905	0.201258	0.116719	0.116352	0.089342	0.125786	0.081761
Alig        	0.094044	0.127358	0.128527	0.000000	0.106250	0.094937	0.134796	0.119122	0.089063	0.114780	0.123397	0.136364	0.092476	0.112853	0.117460	0.107029	0.117555	0.264516	0.276316	0.250000	0.276667	0.264706	0.258170	0.138801	0.133229	0.122642	0.096215	0.128165	0.124214	0.124214	0.122257	0.125000	0.128125	0.128125	0.129688	0.111290	0.136076	0.126959	0.132911	0.139610	0.136519	0.098746	0.106583	0.108491	0.129252	0.132588	0.135220	0.115987	0.121451	0.106918	0.109177	0.117925	0.121451	0.135220	0.121069	0.126183	0.124606	0.123824	0.102524	0.108696	0.125392	0.130094	0.126984	0.117188	0.117925	0.108833	0.262058	0.103448	0.130915	0.112853	0.117555	0.122642	0.130503	0.136364	0.212698	0.202532	0.200637	0.191456	0.194620	0.198387	0.171924	0.106250	0.157233	0.157643	0.170886	0.171924	0.171924	0.169304	0.172956	0.171384	0.172414	0.166667	0.166667	0.169279	0.139937	0.169811	0.164495	0.169903	0.120253	0.172414	0.105678	0.110063	0.116352	0.125786	0.133648
Amir_haj    	0.128527	0.092476	0.096875	0.106250	0.000000	0.086751	0.104688	0.112853	0.104361	0.073668	0.121795	0.114062	0.106250	0.122257	0.139241	0.110224	0.071875	0.263666	0.267213	0.252396	0.270764	0.262215	0.257329	0.113208	0.089063	0.101881	0.128931	0.099369	0.089342	0.079937	0.098437	0.090343	0.084112	0.093458	0.101246	0.117742	0.094637	0.107813	0.089905	0.090615	0.086735	0.135937	0.109375	0.095611	0.089831	0.098726	0.087774	0.081505	0.083333	0.124214	0.067823	0.090909	0.089623	0.100313	0.090909	0.102201	0.089623	0.087500	0.113208	0.102007	0.103125	0.085938	0.083861	0.066978	0.089342	0.127760	0.266026	0.087500	0.091195	0.100313	0.095312	0.062696	0.086207	0.101562	0.208861	0.197161	0.195238	0.190852	0.195584	0.196141	0.165094	0.133956	0.191223	0.196825	0.209779	0.207547	0.210692	0.206625	0.206897	0.207547	0.205329	0.205329	0.205696	0.203125	0.139498	0.206897	0.199675	0.211290	0.158228	0.203762	0.121069	0.081505	0.079937	0.100313	0.086207
Aseel       	0.126582	0.128165	0.096519	0.094937	0.086751	0.000000	0.139241	0.130159	0.118297	0.106349	0.126623	0.113924	0.113924	0.123810	0.139423	0.115385	0.098101	0.263844	0.268977	0.254045	0.270903	0.258224	0.253289	0.115873	0.115506	0.101587	0.133758	0.115016	0.115506	0.107937	0.136076	0.110410	0.108833	0.123028	0.111987	0.117647	0.119808	0.117089	0.116242	0.118893	0.101375	0.112342	0.101266	0.100000	0.111301	0.112903	0.112698	0.091772	0.116242	0.127389	0.098726	0.114286	0.125397	0.120635	0.112342	0.119427	0.104762	0.106013	0.122222	0.105085	0.121835	0.108833	0.108974	0.104101	0.085443	0.132588	0.261364	0.106013	0.106349	0.112698	0.115506	0.093651	0.107595	0.118671	0.208333	0.200637	0.198718	0.195860	0.197452	0.202265	0.175159	0.141956	0.170886	0.170418	0.191693	0.187898	0.191083	0.186901	0.189873	0.189490	0.187302	0.185714	0.188498	0.186709	0.146688	0.189873	0.180328	0.191176	0.148562	0.184127	0.126984	0.104762	0.100000	0.115506	0.117089
P1_rOPbAL1  	0.132075	0.144654	0.147335	0.134796	0.104688	0.139241	0.000000	0.124214	0.151562	0.125786	0.135048	0.134796	0.133229	0.110063	0.128571	0.139423	0.131661	0.269355	0.279605	0.264423	0.281667	0.271242	0.269608	0.152997	0.128527	0.139937	0.141956	0.139241	0.124214	0.143082	0.090909	0.132812	0.139063	0.117188	0.143750	0.129450	0.139241	0.122257	0.145570	0.131494	0.151877	0.152038	0.122257	0.131661	0.127551	0.145367	0.127358	0.143082	0.132492	0.124606	0.123418	0.133648	0.140379	0.143082	0.132075	0.148265	0.138801	0.131661	0.110410	0.142617	0.142633	0.141066	0.130159	0.118750	0.128931	0.132911	0.274920	0.120690	0.132492	0.138365	0.119122	0.124214	0.141509	0.148903	0.217460	0.197785	0.200637	0.186709	0.197785	0.193548	0.182965	0.131250	0.171384	0.171975	0.185127	0.186120	0.186120	0.181962	0.187107	0.182965	0.183962	0.183962	0.184127	0.186520	0.141509	0.183962	0.180782	0.185484	0.160317	0.183962	0.141956	0.133648	0.135220	0.111635	0.125786
CAP50bhOA1  	0.117925	0.141956	0.138365	0.119122	0.112853	0.130159	0.124214	0.000000	0.126959	0.140379	0.131833	0.146226	0.099057	0.100629	0.119427	0.100962	0.124214	0.239482	0.254125	0.228296	0.254181	0.247541	0.242623	0.139241	0.139937	0.151420	0.136076	0.153968	0.134069	0.140379	0.111635	0.128527	0.137931	0.128527	0.152038	0.119741	0.150794	0.136792	0.150794	0.154723	0.152397	0.139937	0.144654	0.110410	0.143345	0.116987	0.138365	0.116352	0.134069	0.105678	0.134921	0.143533	0.139241	0.154574	0.145110	0.148734	0.143987	0.132075	0.125000	0.139262	0.154088	0.152516	0.144444	0.120690	0.137224	0.121835	0.248387	0.106918	0.143987	0.127358	0.127358	0.127358	0.121451	0.155660	0.197452	0.185714	0.183706	0.163492	0.180952	0.176375	0.166139	0.130094	0.135647	0.137380	0.147619	0.145570	0.145570	0.142857	0.141956	0.148265	0.146226	0.149842	0.146497	0.144654	0.111987	0.145110	0.140523	0.147727	0.126984	0.144654	0.140823	0.130915	0.129338	0.118297	0.136792
Aziza       	0.095611	0.141066	0.115625	0.089063	0.104361	0.118297	0.151562	0.126959	0.000000	0.136364	0.118590	0.140625	0.093750	0.136364	0.117089	0.118211	0.134375	0.282958	0.288525	0.273163	0.292359	0.276873	0.275244	0.130503	0.118750	0.142633	0.108491	0.151420	0.122257	0.134796	0.125000	0.138629	0.116822	0.151090	0.146417	0.112903	0.141956	0.146875	0.148265	0.144013	0.137755	0.100000	0.115625	0.111285	0.147458	0.116242	0.120690	0.120690	0.125786	0.106918	0.137224	0.141066	0.144654	0.142633	0.141066	0.149371	0.144654	0.129688	0.125786	0.135452	0.145313	0.137500	0.128165	0.127726	0.131661	0.115142	0.280449	0.110937	0.128931	0.108150	0.128125	0.120690	0.114420	0.137500	0.229430	0.211356	0.209524	0.206625	0.209779	0.218650	0.194969	0.129283	0.152038	0.153968	0.179811	0.177673	0.180818	0.175079	0.177116	0.180818	0.178683	0.175549	0.175633	0.173437	0.137931	0.177116	0.173701	0.180645	0.137658	0.177116	0.106918	0.145768	0.111285	0.131661	0.117555
zr9q_az3aq  	0.145110	0.091483	0.103774	0.114780	0.073668	0.106349	0.125786	0.140379	0.136364	0.000000	0.122581	0.073899	0.127358	0.111987	0.149682	0.127010	0.070755	0.252427	0.258224	0.236334	0.262458	0.250814	0.248366	0.091772	0.091195	0.074132	0.139241	0.080952	0.069401	0.078864	0.125786	0.087774	0.090909	0.086207	0.073668	0.115260	0.057143	0.113208	0.058544	0.084691	0.085324	0.150943	0.102201	0.105678	0.066553	0.120192	0.088328	0.094637	0.074367	0.137658	0.006349	0.061514	0.072785	0.058360	0.048896	0.055380	0.061514	0.077044	0.134069	0.080537	0.088050	0.070755	0.044586	0.068966	0.093060	0.132911	0.262903	0.089623	0.068038	0.097792	0.086478	0.066246	0.089905	0.086478	0.207006	0.193651	0.188498	0.182540	0.190476	0.197411	0.172468	0.139498	0.189274	0.193291	0.206349	0.204114	0.207278	0.201587	0.205047	0.204114	0.201893	0.201893	0.202229	0.201258	0.165615	0.205047	0.199346	0.207792	0.162420	0.201893	0.119874	0.061514	0.074132	0.127760	0.086751
Barmel      	0.130225	0.108065	0.115756	0.123397	0.121795	0.126623	0.135048	0.131833	0.118590	0.122581	0.000000	0.112540	0.123794	0.108974	0.146580	0.115260	0.090032	0.260726	0.272727	0.257377	0.267007	0.253333	0.253333	0.098706	0.112540	0.120579	0.140323	0.105519	0.099678	0.088710	0.128617	0.097756	0.120192	0.112179	0.116987	0.040984	0.125000	0.127010	0.123377	0.105000	0.123264	0.144231	0.106109	0.106452	0.122378	0.119281	0.109677	0.107717	0.114887	0.139871	0.120130	0.106452	0.105178	0.124194	0.112903	0.129450	0.126214	0.102894	0.134304	0.120275	0.117363	0.125402	0.107492	0.108974	0.114516	0.153722	0.272277	0.117363	0.129450	0.059486	0.085209	0.115756	0.111290	0.110932	0.211039	0.185065	0.184641	0.170455	0.185065	0.189145	0.176375	0.110577	0.183871	0.187908	0.206169	0.203883	0.206452	0.202922	0.204839	0.206452	0.204180	0.204839	0.201954	0.204180	0.154839	0.204839	0.205000	0.203642	0.168831	0.204180	0.137540	0.114516	0.103226	0.125806	0.109677
Began       	0.150943	0.113208	0.109718	0.136364	0.114062	0.113924	0.134796	0.146226	0.140625	0.073899	0.112540	0.000000	0.134796	0.133648	0.157143	0.129808	0.086207	0.266129	0.274671	0.254808	0.275000	0.266340	0.266340	0.099369	0.106583	0.089623	0.154574	0.090190	0.091195	0.091195	0.144201	0.087500	0.104688	0.092188	0.084375	0.106796	0.077532	0.125392	0.082278	0.097403	0.107509	0.159875	0.119122	0.110063	0.090136	0.135350	0.102201	0.102201	0.083596	0.148265	0.069620	0.081761	0.096215	0.075472	0.064465	0.080442	0.085174	0.092476	0.140379	0.065436	0.098746	0.090909	0.077778	0.090625	0.088050	0.147152	0.273312	0.108150	0.086751	0.102201	0.111285	0.094340	0.102201	0.097179	0.214286	0.186709	0.191083	0.178797	0.188291	0.191935	0.171924	0.148438	0.191824	0.189490	0.207278	0.208202	0.208202	0.202532	0.210692	0.205047	0.205975	0.202830	0.204762	0.208464	0.165094	0.207547	0.203583	0.208738	0.165079	0.205975	0.132492	0.089623	0.084906	0.128931	0.105346
yser_hkloo  	0.077044	0.130503	0.126959	0.092476	0.106250	0.113924	0.133229	0.099057	0.093750	0.127358	0.123794	0.134796	0.000000	0.136792	0.087302	0.078526	0.120690	0.253226	0.256579	0.235577	0.258333	0.251634	0.243464	0.129338	0.114420	0.138365	0.058360	0.140823	0.121069	0.128931	0.103448	0.123438	0.120313	0.125000	0.146875	0.119741	0.148734	0.123824	0.137658	0.150974	0.138225	0.079937	0.114420	0.099057	0.124150	0.118211	0.124214	0.108491	0.126183	0.093060	0.125000	0.136792	0.134069	0.149371	0.138365	0.138801	0.137224	0.131661	0.082019	0.119128	0.147335	0.130094	0.134921	0.110937	0.127358	0.082278	0.258842	0.078370	0.134069	0.125786	0.126959	0.130503	0.106918	0.139498	0.206349	0.197785	0.195860	0.181962	0.189873	0.188710	0.178233	0.090625	0.144654	0.146497	0.155063	0.152997	0.156151	0.151899	0.154088	0.154574	0.152516	0.150943	0.150794	0.150470	0.110063	0.154088	0.148208	0.155340	0.123810	0.150943	0.100946	0.124214	0.133648	0.116352	0.121069
Biddajaj    	0.119497	0.134069	0.139937	0.112853	0.122257	0.123810	0.110063	0.100629	0.136364	0.111987	0.108974	0.133648	0.136792	0.000000	0.132166	0.125000	0.119497	0.252427	0.264026	0.249196	0.261667	0.250000	0.248366	0.129747	0.133648	0.129338	0.147152	0.136508	0.121451	0.124606	0.114780	0.098746	0.144201	0.108150	0.128527	0.093548	0.142857	0.136792	0.138095	0.131922	0.126280	0.152516	0.130503	0.116719	0.121160	0.131410	0.132492	0.122642	0.137658	0.102524	0.109524	0.121451	0.128165	0.141956	0.126183	0.129747	0.117089	0.116352	0.147152	0.129195	0.141509	0.146226	0.128981	0.120690	0.124606	0.125000	0.262903	0.122642	0.147152	0.106918	0.127358	0.121451	0.134069	0.128931	0.219745	0.204762	0.199681	0.193651	0.196825	0.207120	0.191456	0.150470	0.176656	0.180511	0.184127	0.181962	0.185127	0.179365	0.182965	0.184543	0.182390	0.182965	0.183121	0.182390	0.156151	0.182965	0.181373	0.183442	0.142857	0.182390	0.131329	0.127760	0.124606	0.157729	0.130915
uds_Raraqs  	0.097134	0.159236	0.134921	0.117460	0.139241	0.139423	0.128571	0.119427	0.117089	0.149682	0.146580	0.157143	0.087302	0.132166	0.000000	0.102273	0.146032	0.259804	0.278333	0.248377	0.275338	0.261589	0.259934	0.138978	0.138095	0.156051	0.091054	0.147436	0.132166	0.146497	0.096825	0.137658	0.139241	0.140823	0.158228	0.142623	0.163462	0.144444	0.153846	0.162829	0.159170	0.077778	0.128165	0.122611	0.142123	0.132258	0.140127	0.138535	0.143770	0.097444	0.145367	0.149682	0.146965	0.160317	0.148089	0.159744	0.151757	0.147619	0.090764	0.141156	0.163492	0.152381	0.139423	0.125000	0.149682	0.089744	0.250814	0.109524	0.143770	0.141720	0.131746	0.148089	0.138535	0.149206	0.217042	0.195513	0.193548	0.189103	0.197115	0.198697	0.194888	0.128165	0.116242	0.116129	0.116987	0.118211	0.121406	0.116987	0.122611	0.118211	0.121019	0.119427	0.118590	0.122222	0.103503	0.116242	0.112211	0.118033	0.106109	0.117834	0.115016	0.159236	0.143312	0.149682	0.141720
BouslKhine  	0.102236	0.116987	0.113782	0.107029	0.110224	0.115385	0.139423	0.100962	0.118211	0.127010	0.115260	0.129808	0.078526	0.125000	0.102273	0.000000	0.113782	0.254125	0.262542	0.242623	0.259322	0.246667	0.243333	0.115756	0.118590	0.133013	0.100962	0.134304	0.111821	0.123794	0.102564	0.111821	0.116613	0.119808	0.134185	0.108553	0.135922	0.131410	0.129032	0.124172	0.127178	0.123397	0.110577	0.093248	0.130208	0.101307	0.117363	0.116613	0.109677	0.102894	0.116505	0.115756	0.106109	0.138264	0.128617	0.130645	0.122581	0.121795	0.115756	0.116438	0.133013	0.124601	0.123377	0.100639	0.110224	0.111290	0.247541	0.091346	0.120579	0.113782	0.115385	0.115385	0.102894	0.128205	0.199675	0.188710	0.185065	0.177419	0.182258	0.183607	0.174194	0.140575	0.177885	0.177524	0.176375	0.172581	0.175806	0.171521	0.176282	0.175241	0.173077	0.173633	0.176375	0.176282	0.110224	0.176282	0.171096	0.175497	0.120968	0.171474	0.110932	0.131833	0.106109	0.112540	0.118971
Braim       	0.143082	0.072327	0.087500	0.117555	0.071875	0.098101	0.131661	0.124214	0.134375	0.070755	0.090032	0.086207	0.120690	0.119497	0.146032	0.113782	0.000000	0.258842	0.260656	0.246006	0.264120	0.250814	0.245928	0.080442	0.090909	0.058176	0.146688	0.083861	0.070755	0.014151	0.126959	0.075000	0.076563	0.076563	0.060937	0.084142	0.056962	0.100313	0.063291	0.076299	0.078498	0.141066	0.103448	0.084906	0.062925	0.118211	0.086478	0.091195	0.066246	0.141956	0.060127	0.058176	0.074132	0.058176	0.058176	0.078864	0.056782	0.076803	0.134069	0.091973	0.078370	0.072100	0.045886	0.059375	0.067610	0.145570	0.261218	0.079937	0.075472	0.073899	0.084639	0.061321	0.083333	0.073668	0.198413	0.177215	0.175159	0.167722	0.169304	0.174194	0.167192	0.132812	0.187107	0.189490	0.207278	0.205047	0.208202	0.205696	0.205975	0.205047	0.202830	0.202830	0.203175	0.202194	0.163522	0.205975	0.200326	0.211974	0.157143	0.201258	0.119874	0.078616	0.073668	0.117925	0.086478
XsRs_93115  	0.257282	0.249191	0.266881	0.264516	0.263666	0.263844	0.269355	0.239482	0.282958	0.252427	0.260726	0.266129	0.253226	0.252427	0.259804	0.254125	0.258842	0.000000	0.052980	0.085761	0.046512	0.055738	0.075658	0.258117	0.271704	0.268608	0.267857	0.258958	0.263754	0.268608	0.251613	0.254019	0.271704	0.247588	0.276527	0.262458	0.262215	0.259677	0.265472	0.264214	0.256140	0.263666	0.269355	0.254045	0.264912	0.260656	0.274194	0.263754	0.250000	0.254045	0.250000	0.252427	0.233766	0.266990	0.255663	0.261364	0.259740	0.256452	0.267857	0.258621	0.277419	0.266129	0.271104	0.252412	0.268608	0.239414	0.236842	0.241935	0.266990	0.266990	0.261290	0.258900	0.269355	0.269355	0.236156	0.257329	0.255738	0.237013	0.257329	0.255776	0.253247	0.268489	0.245955	0.249186	0.246753	0.244337	0.250000	0.250809	0.245161	0.247573	0.242718	0.251613	0.246732	0.244373	0.249191	0.245955	0.254153	0.242574	0.249186	0.241935	0.272727	0.252427	0.258065	0.255663	0.271845
nsfs_9311w  	0.268092	0.253289	0.270492	0.276316	0.267213	0.268977	0.279605	0.254125	0.288525	0.258224	0.272727	0.274671	0.256579	0.264026	0.278333	0.262542	0.260656	0.052980	0.000000	0.093023	0.011824	0.029900	0.029900	0.265677	0.273770	0.272277	0.273179	0.269103	0.271382	0.270627	0.268092	0.262295	0.275410	0.254098	0.280328	0.274576	0.269868	0.261513	0.266447	0.270408	0.254448	0.275410	0.274671	0.262376	0.270609	0.267559	0.276316	0.269737	0.252475	0.268977	0.257426	0.262376	0.241776	0.274671	0.268977	0.268212	0.261589	0.263158	0.282178	0.264912	0.282895	0.270492	0.276490	0.257377	0.274671	0.251656	0.228188	0.248355	0.273770	0.275578	0.266447	0.259076	0.271382	0.281250	0.254967	0.275748	0.273333	0.264120	0.276490	0.274411	0.273927	0.281967	0.250820	0.248344	0.253311	0.245875	0.253289	0.251656	0.250820	0.254125	0.242574	0.254934	0.254153	0.254098	0.259868	0.253289	0.260943	0.255892	0.254125	0.250000	0.277961	0.262376	0.266447	0.260726	0.273927
nsiY_93J21  	0.245981	0.239550	0.258786	0.250000	0.252396	0.254045	0.264423	0.228296	0.273163	0.236334	0.257377	0.254808	0.235577	0.249196	0.248377	0.242623	0.246006	0.085761	0.093023	0.000000	0.095000	0.117162	0.116776	0.251613	0.263578	0.254019	0.254839	0.257282	0.249196	0.255627	0.240385	0.244409	0.263578	0.244409	0.266773	0.255776	0.252427	0.241987	0.252427	0.257475	0.250871	0.257188	0.254808	0.237942	0.256098	0.252443	0.266026	0.250804	0.241935	0.239550	0.233871	0.245981	0.224194	0.254019	0.245981	0.248387	0.250000	0.241987	0.256452	0.240614	0.269231	0.253205	0.258065	0.238019	0.258842	0.220065	0.230392	0.225962	0.255627	0.254019	0.246795	0.250804	0.261218	0.264423	0.237864	0.250809	0.252443	0.230645	0.250809	0.250820	0.245161	0.255591	0.229904	0.233766	0.231392	0.229032	0.234727	0.235484	0.229904	0.232258	0.226688	0.236334	0.230519	0.229167	0.228296	0.229904	0.240066	0.230263	0.232143	0.225962	0.251613	0.239550	0.245192	0.245981	0.263666
enses_DP6b  	0.268333	0.257525	0.275748	0.276667	0.270764	0.270903	0.281667	0.254181	0.292359	0.262458	0.267007	0.275000	0.258333	0.261667	0.275338	0.259322	0.264120	0.046512	0.011824	0.095000	0.000000	0.035117	0.035235	0.268456	0.272425	0.269231	0.273490	0.267677	0.270000	0.274247	0.270000	0.259136	0.275748	0.254153	0.279070	0.270548	0.271044	0.268333	0.265886	0.270690	0.255396	0.277409	0.271667	0.263333	0.277174	0.270270	0.275000	0.267559	0.255034	0.270903	0.260067	0.267559	0.246644	0.275920	0.270903	0.266779	0.265886	0.265000	0.281667	0.265957	0.278333	0.270000	0.278523	0.262458	0.279264	0.253356	0.231293	0.253333	0.274247	0.274247	0.270000	0.262542	0.270000	0.281667	0.255892	0.273490	0.271959	0.260870	0.276846	0.273810	0.272575	0.280731	0.250000	0.248322	0.250000	0.242475	0.248333	0.249164	0.245847	0.249164	0.240803	0.250000	0.250842	0.249169	0.255814	0.250000	0.258562	0.249147	0.253356	0.245000	0.279264	0.264214	0.269103	0.269231	0.272575
s_JBMPL503  	0.257377	0.245098	0.258958	0.264706	0.262215	0.258224	0.271242	0.247541	0.276873	0.250814	0.253333	0.266340	0.251634	0.250000	0.261589	0.246667	0.250814	0.055738	0.029900	0.117162	0.035117	0.000000	0.019672	0.254098	0.262215	0.255738	0.263158	0.254125	0.259016	0.263934	0.258170	0.247557	0.263844	0.244300	0.265472	0.255034	0.257426	0.261438	0.258224	0.255068	0.241197	0.262215	0.261438	0.248366	0.263345	0.257475	0.263072	0.254902	0.243421	0.259016	0.248355	0.254098	0.236066	0.262295	0.259016	0.253289	0.250820	0.251634	0.270492	0.252613	0.267974	0.260586	0.264803	0.250814	0.264706	0.243421	0.231667	0.241830	0.259804	0.263934	0.256536	0.249180	0.256536	0.267974	0.232673	0.254125	0.252492	0.241776	0.257426	0.253333	0.256579	0.271987	0.239344	0.239274	0.238487	0.232787	0.238562	0.239344	0.233660	0.239344	0.231148	0.240196	0.238411	0.236156	0.244262	0.237705	0.249158	0.239933	0.240924	0.233660	0.264706	0.255738	0.256536	0.259016	0.259016
s_JEMPC_P9  	0.250820	0.246732	0.255700	0.258170	0.257329	0.253289	0.269608	0.242623	0.275244	0.248366	0.253333	0.266340	0.243464	0.248366	0.259934	0.243333	0.245928	0.075658	0.029900	0.116776	0.035235	0.019672	0.000000	0.254098	0.262215	0.252459	0.258224	0.257426	0.259016	0.255738	0.254902	0.250814	0.260586	0.242671	0.262215	0.258389	0.260726	0.256536	0.254934	0.260135	0.242958	0.255700	0.261438	0.245098	0.261566	0.257475	0.263072	0.254902	0.241776	0.255738	0.246711	0.252459	0.232787	0.265574	0.259016	0.253289	0.248355	0.254902	0.268092	0.247387	0.264706	0.260586	0.261513	0.249186	0.258170	0.239274	0.235000	0.243464	0.259804	0.263934	0.256536	0.249180	0.256536	0.267974	0.231023	0.254125	0.252492	0.238487	0.252475	0.248333	0.253289	0.268730	0.239344	0.240066	0.239274	0.233553	0.239344	0.240132	0.234426	0.240132	0.231148	0.240984	0.238411	0.236928	0.244262	0.234426	0.250000	0.240741	0.241722	0.233660	0.261438	0.254098	0.256536	0.252459	0.259016
Chichi      	0.145570	0.105678	0.052050	0.138801	0.113208	0.115873	0.152997	0.139241	0.130503	0.091772	0.098706	0.099369	0.129338	0.129747	0.138978	0.115756	0.080442	0.258117	0.265677	0.251613	0.268456	0.254098	0.254098	0.000000	0.094637	0.088608	0.141270	0.068254	0.075949	0.087025	0.143533	0.080189	0.106918	0.089623	0.089623	0.109121	0.097134	0.121069	0.090764	0.089286	0.097603	0.140379	0.102524	0.085443	0.076792	0.118971	0.096519	0.078864	0.080952	0.147619	0.082803	0.086751	0.083596	0.098101	0.087025	0.107937	0.088889	0.072555	0.138095	0.074324	0.103774	0.102201	0.075080	0.077044	0.094637	0.144904	0.270227	0.097484	0.087025	0.085443	0.108491	0.088608	0.088608	0.067610	0.220447	0.189490	0.190705	0.184713	0.191083	0.192557	0.177778	0.157233	0.183544	0.185897	0.210191	0.207937	0.211111	0.205414	0.208861	0.211111	0.208861	0.205696	0.206070	0.205047	0.166139	0.208861	0.203279	0.211726	0.166134	0.207278	0.121835	0.102848	0.101266	0.138801	0.096519
Dajwani     	0.143082	0.100629	0.076803	0.133229	0.089063	0.115506	0.128527	0.139937	0.118750	0.091195	0.112540	0.106583	0.114420	0.133648	0.138095	0.118590	0.090909	0.271704	0.273770	0.263578	0.272425	0.262215	0.262215	0.094637	0.000000	0.083333	0.138801	0.072785	0.047170	0.089623	0.119122	0.076563	0.057813	0.073438	0.071875	0.108065	0.085443	0.114420	0.077532	0.086039	0.083618	0.150470	0.090909	0.088050	0.071429	0.111821	0.014107	0.064465	0.091483	0.140379	0.089905	0.094340	0.097792	0.089623	0.088050	0.072555	0.082019	0.081505	0.138801	0.112416	0.083072	0.097179	0.087025	0.078125	0.110063	0.134494	0.274920	0.081505	0.058360	0.099057	0.100313	0.077044	0.057994	0.065831	0.217460	0.191456	0.189490	0.193038	0.199367	0.201613	0.182965	0.142187	0.190252	0.193651	0.216772	0.214511	0.217666	0.212025	0.215409	0.214511	0.212264	0.212264	0.212698	0.211599	0.160377	0.215409	0.207792	0.215210	0.168254	0.211599	0.134069	0.114780	0.091195	0.124214	0.011006
Dedhi       	0.157729	0.102524	0.094340	0.122642	0.101881	0.101587	0.139937	0.151420	0.142633	0.074132	0.120579	0.089623	0.138365	0.129338	0.156051	0.133013	0.058176	0.268608	0.272277	0.254019	0.269231	0.255738	0.252459	0.088608	0.083333	0.000000	0.161392	0.080952	0.085174	0.066246	0.139937	0.083072	0.090909	0.083072	0.047022	0.116883	0.057143	0.119497	0.053968	0.077922	0.090753	0.155660	0.108491	0.099369	0.075085	0.134615	0.088328	0.089905	0.085443	0.162975	0.063492	0.073899	0.077532	0.053628	0.059937	0.064873	0.074367	0.095912	0.156646	0.087248	0.055031	0.088050	0.062102	0.090909	0.077287	0.152381	0.274194	0.095912	0.056962	0.111987	0.102201	0.074132	0.099369	0.083333	0.213376	0.195238	0.193291	0.185714	0.187302	0.192557	0.178797	0.159875	0.198738	0.199681	0.219048	0.216772	0.219937	0.215873	0.217666	0.216772	0.214511	0.214511	0.214968	0.213836	0.175079	0.217666	0.210784	0.222403	0.171975	0.211356	0.142405	0.094637	0.091483	0.124606	0.088328
eg16t_noor  	0.074367	0.155063	0.137224	0.096215	0.128931	0.133758	0.141956	0.136076	0.108491	0.139241	0.140323	0.154574	0.058360	0.147152	0.091054	0.100962	0.146688	0.267857	0.273179	0.254839	0.273490	0.263158	0.258224	0.141270	0.138801	0.161392	0.000000	0.157643	0.139241	0.153481	0.119874	0.144654	0.141509	0.150943	0.163522	0.139610	0.165605	0.134069	0.152866	0.166667	0.154639	0.067823	0.119874	0.121835	0.145051	0.120579	0.150316	0.140823	0.147619	0.085714	0.144904	0.151899	0.150794	0.164557	0.151899	0.153968	0.157143	0.143533	0.077778	0.140203	0.159306	0.148265	0.148562	0.132075	0.140379	0.062102	0.274194	0.107256	0.150794	0.139241	0.130915	0.148265	0.128165	0.154574	0.212460	0.195860	0.193910	0.187898	0.191083	0.198052	0.182540	0.086478	0.136076	0.137821	0.152866	0.150794	0.153968	0.149682	0.151899	0.152381	0.150316	0.148734	0.148562	0.148265	0.120253	0.151899	0.147541	0.153094	0.129393	0.148734	0.093651	0.147152	0.151899	0.139241	0.148734
Dibbas      	0.150794	0.084127	0.083861	0.128165	0.099369	0.115016	0.139241	0.153968	0.151420	0.080952	0.105519	0.090190	0.140823	0.136508	0.147436	0.134304	0.083861	0.258958	0.269103	0.257282	0.267677	0.254125	0.257426	0.068254	0.072785	0.080952	0.157643	0.000000	0.061905	0.084127	0.142405	0.064669	0.094637	0.061514	0.058360	0.101307	0.065495	0.108833	0.054313	0.076797	0.073883	0.155063	0.107595	0.098413	0.056314	0.130645	0.074603	0.084127	0.084395	0.162420	0.075080	0.082278	0.076190	0.068254	0.074603	0.070064	0.068471	0.064873	0.138535	0.084746	0.069401	0.087025	0.073718	0.082019	0.103175	0.154952	0.266234	0.099369	0.073248	0.084127	0.088328	0.080952	0.090476	0.069401	0.213141	0.186901	0.188103	0.188498	0.198083	0.193811	0.179936	0.143533	0.201587	0.202572	0.215655	0.216561	0.216561	0.212460	0.217460	0.213376	0.214286	0.211111	0.211538	0.213608	0.168254	0.214286	0.209836	0.215686	0.171474	0.214286	0.140127	0.082540	0.087302	0.131329	0.074603
Ebrahimi    	0.138365	0.089905	0.088050	0.124214	0.089342	0.115506	0.124214	0.134069	0.122257	0.069401	0.099678	0.091195	0.121069	0.121451	0.132166	0.111821	0.070755	0.263754	0.271382	0.249196	0.270000	0.259016	0.259016	0.075949	0.047170	0.085174	0.139241	0.061905	0.000000	0.074132	0.117925	0.064263	0.078370	0.062696	0.065831	0.092532	0.073016	0.103774	0.072785	0.071661	0.073630	0.146226	0.083333	0.083596	0.058020	0.105769	0.044164	0.070978	0.075949	0.129747	0.063492	0.075710	0.082278	0.075710	0.074132	0.066456	0.055380	0.058176	0.130915	0.094276	0.081761	0.073899	0.050955	0.059561	0.089905	0.125397	0.264516	0.080189	0.068038	0.082019	0.081761	0.064669	0.072555	0.045597	0.207006	0.179365	0.180511	0.180952	0.187302	0.190939	0.169304	0.142633	0.182390	0.185304	0.207937	0.204114	0.207278	0.201587	0.207547	0.204114	0.201893	0.201893	0.204762	0.204403	0.161950	0.207547	0.203583	0.204545	0.158730	0.203470	0.115506	0.100946	0.078864	0.127760	0.045741
Ewent_ayob  	0.149842	0.078864	0.089623	0.124214	0.079937	0.107937	0.143082	0.140379	0.134796	0.078864	0.088710	0.091195	0.128931	0.124606	0.146497	0.123794	0.014151	0.268608	0.270627	0.255627	0.274247	0.263934	0.255738	0.087025	0.089623	0.066246	0.153481	0.084127	0.074132	0.000000	0.132075	0.076803	0.079937	0.083072	0.059561	0.084416	0.065079	0.103774	0.060317	0.086319	0.082192	0.144654	0.110063	0.088328	0.063140	0.120192	0.088328	0.099369	0.069620	0.151899	0.068254	0.061514	0.075949	0.064669	0.064669	0.085443	0.063291	0.080189	0.143987	0.097643	0.080189	0.078616	0.044586	0.065831	0.078864	0.155556	0.269355	0.089623	0.077532	0.070978	0.088050	0.067823	0.089905	0.069182	0.211783	0.190476	0.185304	0.177778	0.177778	0.186084	0.177215	0.139498	0.200315	0.202875	0.220635	0.218354	0.221519	0.217460	0.219243	0.218354	0.216088	0.216088	0.216561	0.215409	0.173502	0.219243	0.214052	0.222403	0.170382	0.214511	0.126582	0.088328	0.069401	0.127760	0.088328
Fagous      	0.127358	0.135220	0.141066	0.122257	0.098437	0.136076	0.090909	0.111635	0.125000	0.125786	0.128617	0.144201	0.103448	0.114780	0.096825	0.102564	0.126959	0.251613	0.268092	0.240385	0.270000	0.258170	0.254902	0.143533	0.119122	0.139937	0.119874	0.142405	0.117925	0.132075	0.000000	0.120313	0.121875	0.129688	0.146875	0.125806	0.146688	0.125392	0.147152	0.149351	0.138225	0.128527	0.119122	0.111635	0.132653	0.113057	0.124214	0.125786	0.132492	0.088050	0.120253	0.132075	0.129338	0.146226	0.125786	0.146688	0.141956	0.129688	0.102524	0.130872	0.141066	0.137931	0.131746	0.118750	0.113208	0.112342	0.256410	0.108150	0.129338	0.130503	0.120690	0.138365	0.127358	0.133229	0.192063	0.186120	0.184127	0.176656	0.187697	0.184887	0.164038	0.134375	0.161950	0.164013	0.172468	0.173502	0.176656	0.172468	0.177673	0.170347	0.171384	0.171384	0.171429	0.173981	0.113208	0.171384	0.168831	0.171521	0.128571	0.169811	0.123028	0.141509	0.132075	0.110063	0.122642
Fard4       	0.137931	0.089342	0.093750	0.125000	0.090343	0.110410	0.132812	0.128527	0.138629	0.087774	0.097756	0.087500	0.123438	0.098746	0.137658	0.111821	0.075000	0.254019	0.262295	0.244409	0.259136	0.247557	0.250814	0.080189	0.076563	0.083072	0.144654	0.064669	0.064263	0.076803	0.120313	0.000000	0.096573	0.037383	0.057632	0.098387	0.094637	0.110937	0.080442	0.079288	0.068027	0.148438	0.095312	0.090909	0.066102	0.119427	0.078370	0.081505	0.086478	0.143082	0.082019	0.086207	0.089623	0.097179	0.079937	0.089623	0.067610	0.062500	0.136792	0.095318	0.084375	0.092188	0.080696	0.073209	0.086207	0.135647	0.259615	0.096875	0.091195	0.081505	0.095312	0.068966	0.084639	0.060937	0.208861	0.181388	0.182540	0.186120	0.192429	0.192926	0.171384	0.140187	0.197492	0.198413	0.205047	0.205975	0.205975	0.200315	0.206897	0.202830	0.203762	0.200627	0.200949	0.203125	0.155172	0.203762	0.199675	0.204839	0.155063	0.203762	0.139937	0.092476	0.076803	0.130094	0.078370
Faslee      	0.144201	0.073668	0.073438	0.128125	0.084112	0.108833	0.139063	0.137931	0.116822	0.090909	0.120192	0.104688	0.120313	0.144201	0.139241	0.116613	0.076563	0.271704	0.275410	0.263578	0.275748	0.263844	0.260586	0.106918	0.057813	0.090909	0.141509	0.094637	0.078370	0.079937	0.121875	0.096573	0.000000	0.096573	0.088785	0.101613	0.094637	0.110937	0.088328	0.087379	0.073129	0.139063	0.073438	0.083072	0.077966	0.119427	0.053292	0.090909	0.058176	0.141509	0.085174	0.079937	0.092767	0.097179	0.086207	0.077044	0.086478	0.098437	0.143082	0.113712	0.068750	0.057813	0.069620	0.082555	0.108150	0.141956	0.275641	0.087500	0.064465	0.103448	0.092188	0.078370	0.062696	0.085938	0.221519	0.187697	0.188889	0.182965	0.189274	0.189711	0.183962	0.143302	0.191223	0.192063	0.211356	0.209119	0.212264	0.206625	0.210031	0.209119	0.206897	0.206897	0.207278	0.206250	0.153605	0.210031	0.199675	0.214516	0.155063	0.203762	0.127358	0.115987	0.075235	0.114420	0.056426
Gajar       	0.137931	0.092476	0.098437	0.128125	0.093458	0.123028	0.117188	0.128527	0.151090	0.086207	0.112179	0.092188	0.125000	0.108150	0.140823	0.119808	0.076563	0.247588	0.254098	0.244409	0.254153	0.244300	0.242671	0.089623	0.073438	0.083072	0.150943	0.061514	0.062696	0.083072	0.129688	0.037383	0.096573	0.000000	0.057632	0.104839	0.085174	0.110937	0.080442	0.076052	0.076531	0.157812	0.107813	0.103448	0.054237	0.130573	0.075235	0.090909	0.083333	0.146226	0.078864	0.086207	0.086478	0.090909	0.083072	0.084906	0.066038	0.075000	0.135220	0.105351	0.084375	0.089063	0.074367	0.070093	0.098746	0.134069	0.254808	0.096875	0.083333	0.097179	0.098437	0.065831	0.097179	0.076563	0.202532	0.178233	0.179365	0.176656	0.182965	0.180064	0.177673	0.140187	0.200627	0.201587	0.205047	0.205975	0.205975	0.200315	0.206897	0.202830	0.203762	0.200627	0.200949	0.203125	0.161442	0.203762	0.199675	0.204839	0.161392	0.203762	0.143082	0.095611	0.084639	0.126959	0.075235
Halawy      	0.161442	0.084639	0.098437	0.129688	0.101246	0.111987	0.143750	0.152038	0.146417	0.073668	0.116987	0.084375	0.146875	0.128527	0.158228	0.134185	0.060937	0.276527	0.280328	0.266773	0.279070	0.265472	0.262215	0.089623	0.071875	0.047022	0.163522	0.058360	0.065831	0.059561	0.146875	0.057632	0.088785	0.057632	0.000000	0.106452	0.055205	0.115625	0.050473	0.069579	0.078231	0.159375	0.112500	0.098746	0.057627	0.135350	0.076803	0.098746	0.078616	0.166667	0.067823	0.072100	0.084906	0.057994	0.065831	0.075472	0.056604	0.070312	0.157233	0.095318	0.045312	0.087500	0.055380	0.080997	0.089342	0.162461	0.275641	0.104688	0.064465	0.089342	0.096875	0.061129	0.098746	0.065625	0.216772	0.195584	0.193651	0.190852	0.197161	0.200965	0.185535	0.151090	0.202194	0.206349	0.219243	0.216981	0.220126	0.217666	0.217868	0.216981	0.214734	0.214734	0.215190	0.214062	0.169279	0.217868	0.214286	0.219355	0.172468	0.214734	0.150943	0.094044	0.075235	0.137931	0.076803
Hamria      	0.127832	0.097403	0.113269	0.111290	0.117742	0.117647	0.129450	0.119741	0.112903	0.115260	0.040984	0.106796	0.119741	0.093548	0.142623	0.108553	0.084142	0.262458	0.274576	0.255776	0.270548	0.255034	0.258389	0.109121	0.108065	0.116883	0.139610	0.101307	0.092532	0.084416	0.125806	0.098387	0.101613	0.104839	0.106452	0.000000	0.110749	0.114887	0.112745	0.096990	0.114035	0.140777	0.098706	0.097403	0.107018	0.123355	0.101942	0.101942	0.109121	0.131068	0.114007	0.092532	0.099349	0.110390	0.107143	0.115635	0.104235	0.090323	0.127036	0.120690	0.113269	0.116505	0.094771	0.100000	0.115260	0.151466	0.269868	0.108414	0.120521	0.045161	0.082524	0.105178	0.101942	0.098706	0.217320	0.185065	0.184641	0.170455	0.185065	0.186469	0.182410	0.106452	0.186688	0.190164	0.205882	0.203583	0.206840	0.202614	0.204545	0.206169	0.203883	0.204545	0.204248	0.203883	0.157468	0.204545	0.204013	0.207358	0.166667	0.203226	0.125407	0.102273	0.090909	0.120130	0.102273
Hawawiri    	0.160317	0.088889	0.099684	0.136076	0.094637	0.119808	0.139241	0.150794	0.141956	0.057143	0.125000	0.077532	0.148734	0.142857	0.163462	0.135922	0.056962	0.262215	0.269868	0.252427	0.271044	0.257426	0.260726	0.097134	0.085443	0.057143	0.165605	0.065495	0.073016	0.065079	0.146688	0.094637	0.094637	0.085174	0.055205	0.110749	0.000000	0.125000	0.028662	0.075410	0.089041	0.166139	0.113924	0.111111	0.065292	0.141479	0.087302	0.106349	0.085714	0.157143	0.055732	0.061905	0.079365	0.004747	0.036508	0.055732	0.066879	0.078864	0.156051	0.093220	0.072785	0.080696	0.049679	0.077287	0.092063	0.154952	0.270096	0.098101	0.063492	0.096825	0.104430	0.068254	0.104762	0.082278	0.208333	0.186306	0.182692	0.176752	0.187898	0.193182	0.175159	0.156151	0.193651	0.200321	0.214968	0.214286	0.217460	0.213376	0.212698	0.214286	0.212025	0.212025	0.212460	0.208861	0.169841	0.212698	0.210784	0.214052	0.169872	0.209524	0.144904	0.090476	0.080952	0.139683	0.087302
Hayany      	0.152516	0.106918	0.106583	0.126959	0.107813	0.117089	0.122257	0.136792	0.146875	0.113208	0.127010	0.125392	0.123824	0.136792	0.144444	0.131410	0.100313	0.259677	0.261513	0.241987	0.268333	0.261438	0.256536	0.121069	0.114420	0.119497	0.134069	0.108833	0.103774	0.103774	0.125392	0.110937	0.110937	0.110937	0.115625	0.114887	0.125000	0.000000	0.117089	0.123377	0.107509	0.134796	0.111285	0.081761	0.086735	0.119808	0.113208	0.114780	0.104101	0.138801	0.106013	0.108150	0.113208	0.124214	0.111635	0.119874	0.104101	0.108150	0.121451	0.125839	0.120313	0.119122	0.104762	0.090625	0.116352	0.136076	0.271704	0.098437	0.126183	0.106918	0.071875	0.105346	0.130503	0.115625	0.203175	0.178797	0.176752	0.177215	0.180380	0.182258	0.175079	0.142187	0.190252	0.192675	0.207278	0.205047	0.208202	0.202532	0.205975	0.205047	0.202830	0.202830	0.201587	0.202194	0.157233	0.205975	0.200326	0.211974	0.169841	0.201258	0.141956	0.100629	0.108491	0.083072	0.113208
Helwa       	0.151899	0.080952	0.098101	0.132911	0.089905	0.116242	0.145570	0.150794	0.148265	0.058544	0.123377	0.082278	0.137658	0.138095	0.153846	0.129032	0.063291	0.265472	0.266447	0.252427	0.265886	0.258224	0.254934	0.090764	0.077532	0.053968	0.152866	0.054313	0.072785	0.060317	0.147152	0.080442	0.088328	0.080442	0.050473	0.112745	0.028662	0.117089	0.000000	0.070261	0.077320	0.158228	0.112342	0.101587	0.051546	0.141935	0.082540	0.103175	0.084127	0.164013	0.054140	0.050794	0.065079	0.028481	0.031746	0.042994	0.060510	0.071203	0.153968	0.079125	0.066456	0.064873	0.051282	0.069401	0.103175	0.153355	0.267857	0.101266	0.076190	0.084127	0.101266	0.068254	0.095238	0.075949	0.213141	0.188498	0.181672	0.185304	0.186901	0.193811	0.178344	0.148265	0.204114	0.207395	0.215655	0.213376	0.216561	0.212460	0.216772	0.213376	0.211111	0.211111	0.214058	0.213608	0.170886	0.216772	0.213115	0.217320	0.170927	0.212698	0.147619	0.088889	0.074603	0.136508	0.082540
Hilali      	0.141694	0.058442	0.094156	0.139610	0.090615	0.118893	0.131494	0.154723	0.144013	0.084691	0.105000	0.097403	0.150974	0.131922	0.162829	0.124172	0.076299	0.264214	0.270408	0.257475	0.270690	0.255068	0.260135	0.089286	0.086039	0.077922	0.166667	0.076797	0.071661	0.086319	0.149351	0.079288	0.087379	0.076052	0.069579	0.096990	0.075410	0.123377	0.070261	0.000000	0.080986	0.170455	0.120130	0.100977	0.063158	0.133663	0.084691	0.095779	0.075163	0.161765	0.078431	0.047078	0.047231	0.074919	0.061688	0.078431	0.076547	0.079545	0.161765	0.116838	0.094156	0.074434	0.064145	0.079288	0.099026	0.157377	0.271667	0.107143	0.087948	0.086319	0.099026	0.048860	0.092532	0.086039	0.210526	0.185246	0.188119	0.177049	0.186885	0.186667	0.185668	0.145631	0.206840	0.210526	0.226230	0.223856	0.227124	0.221311	0.224756	0.223856	0.221498	0.224756	0.225329	0.224026	0.177524	0.224756	0.225589	0.228188	0.179276	0.221498	0.133550	0.092834	0.053571	0.134740	0.084416
Hiri        	0.155822	0.068259	0.083618	0.136519	0.086735	0.101375	0.151877	0.152397	0.137755	0.085324	0.123264	0.107509	0.138225	0.126280	0.159170	0.127178	0.078498	0.256140	0.254448	0.250871	0.255396	0.241197	0.242958	0.097603	0.083618	0.090753	0.154639	0.073883	0.073630	0.082192	0.138225	0.068027	0.073129	0.076531	0.078231	0.114035	0.089041	0.107509	0.077320	0.080986	0.000000	0.163265	0.090444	0.094178	0.070111	0.122837	0.083904	0.081911	0.068729	0.154110	0.081034	0.087329	0.094178	0.090753	0.083904	0.077320	0.065292	0.078498	0.152921	0.100000	0.076792	0.064626	0.072664	0.088435	0.093857	0.143103	0.259582	0.088737	0.090753	0.102389	0.102389	0.078767	0.101027	0.080205	0.216495	0.183849	0.179931	0.187285	0.192440	0.196864	0.193493	0.161565	0.196918	0.201724	0.216495	0.215753	0.216724	0.211340	0.214041	0.214041	0.213311	0.211604	0.211340	0.209898	0.166096	0.212329	0.208481	0.216549	0.162630	0.210616	0.136519	0.113014	0.083618	0.123288	0.082192
