0.000010 0.000010 0.000010 0.000010 0.000010 0.991384 0.000010 0.000010 0.008546
0.000010 0.000010 0.000010 0.601729 0.314018 0.000010 0.000010 0.000010 0.084193
0.000010 0.000010 0.205359 0.443173 0.261313 0.000010 0.000010 0.000010 0.090105
0.000010 0.000010 0.000010 0.092166 0.000010 0.590510 0.000010 0.000010 0.317263
0.000010 0.000010 0.444684 0.440998 0.114258 0.000010 0.000010 0.000010 0.000010
0.000010 0.000010 0.311787 0.256990 0.105235 0.288499 0.037450 0.000010 0.000010
0.000010 0.000010 0.999920 0.000010 0.000010 0.000010 0.000010 0.000010 0.000010
0.000010 0.000010 0.326833 0.000010 0.000010 0.148803 0.192634 0.000010 0.331679
0.000010 0.000010 0.127261 0.000010 0.000010 0.614107 0.000010 0.000010 0.258572
0.000010 0.000010 0.000010 0.999920 0.000010 0.000010 0.000010 0.000010 0.000010
0.000010 0.000010 0.000010 0.000010 0.000010 0.000010 0.000010 0.000010 0.999920
0.000010 0.000010 0.000010 0.710191 0.179066 0.000010 0.000010 0.000010 0.110683
0.000010 0.000010 0.000010 0.000010 0.041249 0.958681 0.000010 0.000010 0.000010
0.000010 0.000010 0.000010 0.000010 0.000010 0.000010 0.102981 0.000010 0.896949
0.000010 0.000010 0.174399 0.000010 0.000010 0.716015 0.109527 0.000010 0.000010
0.000010 0.000010 0.303349 0.000012 0.090291 0.476253 0.017259 0.000010 0.112805
0.000010 0.000010 0.000010 0.755302 0.000010 0.000010 0.000010 0.000010 0.244628
0.000010 0.000010 0.000010 0.000010 0.000010 0.000010 0.000010 0.999920 0.000010
0.000010 0.000010 0.000010 0.000010 0.000010 0.000010 0.000010 0.999920 0.000010
0.000010 0.097646 0.026319 0.069275 0.000010 0.000010 0.000010 0.806710 0.000010
0.000010 0.000010 0.000010 0.000010 0.000010 0.000010 0.000010 0.999920 0.000010
0.000010 0.000010 0.000010 0.000010 0.000010 0.000010 0.000010 0.999920 0.000010
0.000010 0.000010 0.000010 0.000010 0.000010 0.000010 0.000010 0.999920 0.000010
0.000010 0.000010 0.000010 0.781410 0.104464 0.000010 0.000010 0.000010 0.114066
0.000010 0.000010 0.000010 0.000010 0.999920 0.000010 0.000010 0.000010 0.000010
0.000010 0.000010 0.000010 0.999910 0.000020 0.000010 0.000010 0.000010 0.000010
0.000010 0.000010 0.000010 0.000010 0.000010 0.999920 0.000010 0.000010 0.000010
0.000012 0.000010 0.078744 0.583019 0.338175 0.000010 0.000010 0.000010 0.000010
0.000010 0.000010 0.000010 0.442005 0.557925 0.000010 0.000010 0.000010 0.000010
0.000010 0.000010 0.000010 0.755807 0.000010 0.000010 0.000010 0.000010 0.244123
0.000010 0.000010 0.770999 0.000010 0.000010 0.153110 0.075831 0.000010 0.000010
0.000010 0.000010 0.000010 0.427138 0.529946 0.000010 0.000010 0.000010 0.042856
0.000010 0.000010 0.000010 0.000010 0.999920 0.000010 0.000010 0.000010 0.000010
0.000010 0.000010 0.000010 0.595800 0.404130 0.000010 0.000010 0.000010 0.000010
0.000010 0.000010 0.000010 0.999920 0.000010 0.000010 0.000010 0.000010 0.000010
0.000010 0.000010 0.000010 0.000010 0.000010 0.000010 0.000010 0.000010 0.999920
0.000010 0.000010 0.000010 0.999920 0.000010 0.000010 0.000010 0.000010 0.000010
0.000010 0.000010 0.698744 0.276007 0.025189 0.000010 0.000010 0.000010 0.000010
0.000010 0.000010 0.000010 0.999920 0.000010 0.000010 0.000010 0.000010 0.000010
0.000010 0.000010 0.000010 0.835758 0.164172 0.000010 0.000010 0.000010 0.000010
0.000010 0.000010 0.000010 0.095838 0.904092 0.000010 0.000010 0.000010 0.000010
0.000010 0.000010 0.000010 0.000010 0.000010 0.894607 0.105323 0.000010 0.000010
0.000010 0.000010 0.174844 0.000012 0.558620 0.196961 0.031724 0.000010 0.037810
0.000010 0.000010 0.382842 0.090973 0.239281 0.286854 0.000010 0.000010 0.000010
0.000010 0.000010 0.079278 0.820297 0.100365 0.000010 0.000010 0.000010 0.000010
0.000010 0.000010 0.785384 0.000010 0.000010 0.214546 0.000010 0.000010 0.000010
0.000010 0.000010 0.000010 0.000010 0.999920 0.000010 0.000010 0.000010 0.000010
0.000010 0.000010 0.145473 0.000010 0.611992 0.000010 0.000010 0.000010 0.242475
0.000010 0.000010 0.019242 0.499710 0.480988 0.000010 0.000010 0.000010 0.000010
0.000010 0.000010 0.311671 0.000010 0.000010 0.463213 0.225056 0.000010 0.000010
0.000010 0.000010 0.000010 0.999919 0.000011 0.000010 0.000010 0.000010 0.000010
0.000010 0.000010 0.000010 0.999920 0.000010 0.000010 0.000010 0.000010 0.000010
0.000010 0.000010 0.000010 0.999920 0.000010 0.000010 0.000010 0.000010 0.000010
0.000010 0.000010 0.000010 0.999920 0.000010 0.000010 0.000010 0.000010 0.000010
0.000010 0.000010 0.000010 0.999920 0.000010 0.000010 0.000010 0.000010 0.000010
0.000010 0.000010 0.000010 0.731061 0.268869 0.000010 0.000010 0.000010 0.000010
0.000010 0.000010 0.000010 0.423891 0.576039 0.000010 0.000010 0.000010 0.000010
0.000012 0.000010 0.137042 0.668689 0.120878 0.000010 0.000010 0.000010 0.073338
0.000010 0.000010 0.423166 0.000010 0.000010 0.576764 0.000010 0.000010 0.000010
0.000017 0.000010 0.000010 0.727398 0.105165 0.059759 0.000010 0.000010 0.107621
0.000010 0.000010 0.000010 0.601088 0.398842 0.000010 0.000010 0.000010 0.000010
0.000010 0.000010 0.000010 0.623234 0.376696 0.000010 0.000010 0.000010 0.000010
0.000010 0.000010 0.000010 0.999920 0.000010 0.000010 0.000010 0.000010 0.000010
0.000010 0.000010 0.138062 0.471688 0.355216 0.000010 0.000010 0.000010 0.034983
0.000010 0.000010 0.444848 0.281599 0.273493 0.000010 0.000010 0.000010 0.000010
0.000010 0.000010 0.000010 0.000010 0.156795 0.726316 0.116829 0.000010 0.000010
0.999920 0.000010 0.000010 0.000010 0.000010 0.000010 0.000010 0.000010 0.000010
0.000010 0.000010 0.145276 0.058258 0.450268 0.346147 0.000010 0.000010 0.000010
0.000010 0.000010 0.024148 0.535525 0.440267 0.000010 0.000010 0.000010 0.000010
0.000010 0.000010 0.000010 0.325013 0.000010 0.000010 0.000010 0.000010 0.674917
0.000010 0.000010 0.402233 0.376757 0.000010 0.000010 0.000010 0.000010 0.220950
0.000010 0.000010 0.149097 0.806477 0.044366 0.000010 0.000010 0.000010 0.000010
0.000010 0.000010 0.000010 0.049853 0.870661 0.000010 0.000010 0.000010 0.079427
0.000010 0.000010 0.000010 0.593756 0.406174 0.000010 0.000010 0.000010 0.000010
0.000010 0.999920 0.000010 0.000010 0.000010 0.000010 0.000010 0.000010 0.000010
0.000010 0.999914 0.000010 0.000010 0.000016 0.000010 0.000010 0.000010 0.000010
0.000010 0.999915 0.000010 0.000010 0.000015 0.000010 0.000010 0.000010 0.000010
0.000010 0.999920 0.000010 0.000010 0.000010 0.000010 0.000010 0.000010 0.000010
0.000010 0.999915 0.000010 0.000010 0.000010 0.000015 0.000010 0.000010 0.000010
0.000010 0.999920 0.000010 0.000010 0.000010 0.000010 0.000010 0.000010 0.000010
0.000010 0.655501 0.078333 0.089071 0.173292 0.000010 0.000010 0.000010 0.003763
0.000010 0.000010 0.000010 0.000010 0.000010 0.580262 0.000010 0.000010 0.419668
0.000010 0.000010 0.000010 0.000010 0.000010 0.088749 0.911181 0.000010 0.000010
0.000010 0.000010 0.000010 0.000010 0.000010 0.081861 0.918069 0.000010 0.000010
0.000010 0.000010 0.000010 0.000010 0.000010 0.000010 0.999920 0.000010 0.000010
0.000010 0.000010 0.000013 0.000010 0.000010 0.000010 0.999917 0.000010 0.000010
0.000010 0.000010 0.000010 0.000010 0.000010 0.000010 0.999920 0.000010 0.000010
0.000010 0.000010 0.000010 0.000010 0.000010 0.000010 0.999920 0.000010 0.000010
0.000010 0.000010 0.000010 0.000010 0.000010 0.000010 0.999920 0.000010 0.000010
0.000010 0.000010 0.000010 0.000010 0.000010 0.000010 0.999920 0.000010 0.000010
0.000010 0.000010 0.000010 0.000010 0.000010 0.000010 0.999920 0.000010 0.000010
0.000010 0.000010 0.000010 0.000010 0.000010 0.000010 0.999920 0.000010 0.000010
0.000010 0.000015 0.000010 0.000010 0.000010 0.000010 0.999915 0.000010 0.000010
0.000010 0.000010 0.000010 0.000010 0.000010 0.000010 0.999920 0.000010 0.000010
0.000010 0.000010 0.372464 0.000010 0.000010 0.000010 0.627466 0.000010 0.000010
0.000010 0.000010 0.000010 0.000010 0.000010 0.039347 0.960583 0.000010 0.000010
0.000010 0.000010 0.000010 0.000010 0.000010 0.000010 0.999920 0.000010 0.000010
0.000010 0.000010 0.000010 0.000010 0.000010 0.000010 0.999920 0.000010 0.000010
0.000010 0.000010 0.068758 0.000010 0.000010 0.282272 0.498916 0.000010 0.150003
0.000010 0.000010 0.000010 0.000010 0.000010 0.000010 0.999920 0.000010 0.000010
0.000010 0.000010 0.000010 0.234560 0.000010 0.660257 0.055930 0.000010 0.049203
0.000010 0.000010 0.000010 0.748846 0.000010 0.000010 0.000010 0.000010 0.251084
0.000010 0.000010 0.166349 0.740689 0.033731 0.000010 0.000010 0.000010 0.059181
0.000010 0.000010 0.999920 0.000010 0.000010 0.000010 0.000010 0.000010 0.000010
0.000010 0.000010 0.000010 0.000010 0.999920 0.000010 0.000010 0.000010 0.000010
